#t,ms p
0.003 0.0427
0.005 0.0427
0.008 0.0427
0.01 0.0427
0.0129324 0.0427
0.0152784 0.0427
0.0176291 0.0427
0.0205694 0.0427
0.0229245 0.0427
0.0252824 0.0427
0.0276402 0.0427
0.0305804 0.0427
0.0329326 0.0427
0.0352671 0.0427
0.0375956 0.0427
0.040494 0.0427
0.0427981 0.0427
0.0451022 0.0427
0.0479388 0.0427
0.0502082 0.0427
0.0530041 0.0427
0.0552327 0.0427
0.0579873 0.0427
0.0601743 0.0427
0.0628915 0.0427
0.0650454 0.0427
0.0677309 0.0427
0.0703885 0.0427
0.0725147 0.0427
0.0751435 0.0427
0.0777723 0.0427
0.0803793 0.0427
0.0829862 0.0427
0.0850594 0.0427
0.0876508 0.0427
0.090234 0.0427
0.0928152 0.0427
0.0953792 0.0427
0.0979388 0.0427
0.100475 0.0427
0.103006 0.0427
0.105016 0.0427
0.107524 0.0427
0.11002 0.0427
0.112509 0.0427
0.115485 0.0427
0.117961 0.0427
0.120429 0.0427
0.122896 0.0427
0.125358 0.0427
0.127819 0.0427
0.130279 0.0427
0.132739 0.0427
0.135199 0.0427
0.13766 0.0427
0.140113 0.0427
0.142564 0.0427
0.145009 0.0427
0.147941 0.0427
0.150379 0.0427
0.152817 0.0427
0.155251 0.0427
0.157686 0.0427
0.160119 0.0427
0.162553 0.0427
0.165473 0.0427
0.167908 0.0427
0.170344 0.0427
0.17278 0.0427
0.175219 0.0427
0.177658 0.0427
0.180096 0.0427
0.182534 0.0427
0.185458 0.0427
0.187895 0.0427
0.190332 0.0427
0.192769 0.0427
0.195206 0.0427
0.197644 0.0427
0.200084 0.0427
0.202524 0.0427
0.205454 0.0427
0.207897 0.0427
0.210342 0.0427
0.212788 0.0427
0.215236 0.0427
0.217684 0.0427
0.220132 0.0427
0.222581 0.0427
0.225029 0.0427
0.227969 0.0427
0.23042 0.0427
0.232872 0.0427
0.235324 0.0427
0.237778 0.0427
0.240232 0.0427
0.242687 0.0427
0.245143 0.0427
0.247601 0.0427
0.250059 0.0427
0.252517 0.0427
0.255468 0.0427
0.257927 0.0427
0.260387 0.0427
0.262847 0.0427
0.265308 0.0427
0.267769 0.0427
0.27023 0.0427
0.272692 0.0427
0.275154 0.0427
0.277616 0.0427
0.280079 0.0427
0.282542 0.0427
0.285005 0.0427
0.287961 0.0427
0.290425 0.0427
0.292888 0.0427
0.295351 0.0427
0.297815 0.0427
0.300278 0.0427
0.302742 0.0427
0.305205 0.0427
0.307668 0.0427
0.310131 0.0427
0.312594 0.0427
0.315058 0.0427
0.317521 0.0427
0.320477 0.0427
0.322941 0.0427
0.325404 0.0427
0.327867 0.0427
0.33033 0.0427
0.332793 0.0427
0.335256 0.0427
0.337719 0.0427
0.340182 0.0427
0.342644 0.0427
0.345107 0.0427
0.347569 0.0427
0.350032 0.0427
0.352987 0.0427
0.355449 0.0427
0.357912 0.0427
0.360375 0.0427
0.362838 0.0427
0.365301 0.0427
0.367764 0.0427
0.370227 0.0427
0.372691 0.0427
0.375154 0.0427
0.377618 0.0427
0.380082 0.0427
0.382546 0.0427
0.38501 0.0427
0.387967 0.0427
0.390432 0.0427
0.392896 0.0427
0.395361 0.0427
0.397825 0.0427
0.40029 0.0427
0.402754 0.0427
0.405219 0.0427
0.407684 0.0427
0.410149 0.0427
0.412614 0.0427
0.41508 0.0427
0.417545 0.0427
0.42001 0.0427
0.422969 0.0427
0.425435 0.0427
0.4279 0.0427
0.430367 0.0427
0.432833 0.0427
0.4353 0.0427
0.437766 0.0427
0.440233 0.0427
0.4427 0.0427
0.445166 0.0427
0.447633 0.0427
0.4501 0.0427
0.452567 0.0427
0.455035 0.0427
0.457502 0.0427
0.460463 0.0427
0.462931 0.0427
0.465399 0.0427
0.467867 0.0427
0.470334 0.0427
0.472802 0.0427
0.475269 0.0427
0.477736 0.0427
0.480203 0.0427
0.48267 0.0427
0.485137 0.0427
0.487604 0.0427
0.490071 0.0427
0.492538 0.0427
0.495005 0.0427
0.497965 0.0427
0.500431 0.0427
0.502898 0.0427
0.505364 0.0427
0.50783 0.0427
0.510296 0.0427
0.512761 0.0427
0.515227 0.0427
0.517693 0.0427
0.520158 0.0427
0.522624 0.0427
0.525089 0.0427
0.527554 0.0427
0.530019 0.0427
0.532976 0.0427
0.53544 0.0427
0.537904 0.0427
0.540368 0.0427
0.542831 0.0427
0.545294 0.0427
0.547757 0.0427
0.55022 0.0427
0.552682 0.0427
0.555143 0.0427
0.557605 0.0427
0.560066 0.0427
0.562527 0.0427
0.56548 0.0427
0.56794 0.0427
0.5704 0.0427
0.57286 0.0427
0.57532 0.0427
0.577779 0.0427
0.580238 0.0427
0.582696 0.0427
0.585154 0.0427
0.587611 0.0427
0.590068 0.0427
0.592525 0.0427
0.595472 0.0427
0.597928 0.0427
0.600383 0.0427
0.602838 0.0427
0.605293 0.0427
0.607747 0.0427
0.6102 0.0427
0.612653 0.0427
0.615106 0.0427
0.617558 0.0427
0.62001 0.0427
0.622952 0.0427
0.625403 0.0427
0.627854 0.0427
0.630304 0.0427
0.632754 0.0427
0.635204 0.0427
0.637652 0.0427
0.640101 0.0427
0.642549 0.0427
0.645486 0.0427
0.647933 0.0427
0.650379 0.0427
0.652825 0.0427
0.65527 0.0427
0.657715 0.0427
0.660159 0.0427
0.662603 0.0427
0.665047 0.0427
0.667978 0.0427
0.67042 0.0427
0.672862 0.0427
0.675304 0.0427
0.677745 0.0427
0.680185 0.0427
0.682625 0.0427
0.685064 0.0427
0.687503 0.0427
0.690429 0.0427
0.692867 0.0427
0.695304 0.0427
0.697741 0.0427
0.700177 0.0427
0.702612 0.0427
0.705047 0.0427
0.707968 0.0427
0.710402 0.0427
0.712835 0.0427
0.715267 0.0427
0.7177 0.0427
0.720131 0.0427
0.722562 0.0427
0.725477 0.0427
0.727907 0.0427
0.730336 0.0427
0.732764 0.0427
0.735192 0.0427
0.737619 0.0427
0.740045 0.0427
0.742957 0.0427
0.745382 0.0427
0.747807 0.0427
0.75023 0.0427
0.752654 0.0427
0.755076 0.0427
0.757982 0.0427
0.760403 0.0427
0.762822 0.0427
0.765241 0.0427
0.767658 0.0427
0.770075 0.0427
0.772973 0.0427
0.775388 0.0427
0.777801 0.0427
0.780214 0.0427
0.782625 0.0427
0.785035 0.0427
0.787926 0.0427
0.790334 0.0427
0.792739 0.0427
0.795145 0.0427
0.797548 0.0427
0.800431 0.0427
0.802831 0.0427
0.805231 0.0427
0.807629 0.0427
0.810027 0.0427
0.812902 0.0427
0.815296 0.0427
0.817689 0.0427
0.820081 0.0427
0.82295 0.0427
0.825339 0.0427
0.827728 0.0427
0.830115 0.0427
0.832501 0.0427
0.835362 0.0427
0.837745 0.0427
0.840127 0.0427
0.842508 0.0427
0.845363 0.0427
0.847741 0.0427
0.850117 0.0427
0.852968 0.0427
0.855342 0.0427
0.857715 0.0427
0.860086 0.0427
0.86293 0.0427
0.865299 0.0427
0.867666 0.0427
0.870033 0.0427
0.872871 0.0427
0.875235 0.0427
0.877597 0.0427
0.880431 0.0427
0.882791 0.0427
0.88515 0.0427
0.887508 0.0427
0.890336 0.0427
0.892691 0.0427
0.895046 0.0427
0.897869 0.0427
0.900221 0.0427
0.902572 0.0427
0.905391 0.0427
0.907739 0.0427
0.910086 0.0427
0.912901 0.0427
0.915245 0.0427
0.917589 0.0427
0.920399 0.0427
0.922741 0.0427
0.92508 0.0427
0.927887 0.0427
0.930224 0.0427
0.932562 0.0427
0.935364 0.0427
0.937699 0.0427
0.940032 0.0427
0.94283 0.0427
0.945161 0.0427
0.947956 0.0427
0.950285 0.0427
0.952612 0.0427
0.955404 0.0427
0.957728 0.0427
0.960052 0.0427
0.962839 0.0427
0.965161 0.0427
0.967945 0.0427
0.970264 0.0427
0.972582 0.0427
0.975363 0.0427
0.977678 0.0427
0.980456 0.0427
0.98277 0.0427
0.985082 0.0427
0.987856 0.0427
0.990166 0.0427
0.992938 0.0427
0.995245 0.0427
0.997553 0.0427
1.00032 0.0427
1.00262 0.0427
1.00539 0.0427
1.00769 0.0427
1.01045 0.0427
1.01275 0.0427
1.01505 0.0427
1.01781 0.0427
1.02011 0.0427
1.02286 0.0427
1.02516 0.0427
1.02791 0.0427
1.0302 0.0427
1.03295 0.0427
1.03524 0.0427
1.03753 0.0427
1.04027 0.0427
1.04256 0.0427
1.0453 0.0427
1.04759 0.0427
1.05033 0.0427
1.05261 0.0427
1.05535 0.0427
1.05763 0.0427
1.06036 0.0427
1.06264 0.0426998
1.06537 0.0426988
1.06765 0.0426899
1.07038 0.0426541
1.07265 0.0420546
1.07538 0.0412722
1.07765 0.00759673
1.08038 0.0076436
1.08264 0.00776609
1.08537 0.00776314
1.08763 0.00776374
1.09035 0.00776489
1.09262 0.00776575
1.09533 0.00776706
1.0976 0.00777078
1.10031 0.00782267
1.10257 0.00834527
1.10528 0.0167298
1.10754 0.0633025
1.11025 0.40991
1.1125 1.34692
1.11521 3.11975
1.11791 4.76358
1.12017 5.6309
1.12287 6.16546
1.12512 6.3706
1.12782 6.4827
1.13007 6.52533
1.13276 6.55119
1.13501 6.56369
1.1377 6.57263
1.14039 6.57569
1.14264 6.57478
1.14533 6.57223
1.14757 6.57099
1.15025 6.57179
1.15294 6.57478
1.15518 6.57819
1.15786 6.5824
1.1601 6.58543
1.16278 6.5882
1.16501 6.58988
1.16769 6.59156
1.17036 6.59336
1.17259 6.59519
1.17526 6.59781
1.17794 6.60074
1.18017 6.60325
1.18284 6.60618
1.18507 6.6085
1.18775 6.61114
1.19043 6.61373
1.19267 6.61594
1.19535 6.61869
1.19758 6.62106
1.20027 6.62396
1.2025 6.62636
1.20519 6.62916
1.20788 6.63185
1.21012 6.63401
1.21281 6.63651
1.21505 6.63854
1.21774 6.64093
1.22043 6.64328
1.22268 6.6452
1.22537 6.64747
1.22762 6.64932
1.23032 6.6515
1.23257 6.6533
1.23527 6.65543
1.23752 6.65719
1.24022 6.65925
1.24292 6.66126
1.24517 6.66287
1.24788 6.66473
1.25013 6.66621
1.25284 6.6679
1.2551 6.66924
1.25781 6.67076
1.26007 6.67196
1.26278 6.67333
1.26504 6.6744
1.26776 6.67563
1.27002 6.67659
1.27274 6.67769
1.275 6.67857
1.27772 6.67956
1.28044 6.6805
1.28271 6.68122
1.28543 6.68202
1.2877 6.68264
1.29043 6.6833
1.2927 6.6838
1.29543 6.68434
1.2977 6.68475
1.30043 6.68519
1.30271 6.68554
1.30544 6.68591
1.30772 6.6862
1.31045 6.68651
1.31273 6.68675
1.31501 6.68697
1.31775 6.68721
1.32003 6.68741
1.32277 6.68764
1.32506 6.68782
1.3278 6.68803
1.33008 6.68819
1.33283 6.68837
1.33512 6.6885
1.33786 6.68864
1.34015 6.68877
1.3429 6.68893
1.34519 6.68906
1.34794 6.6892
1.35024 6.68931
1.35253 6.6894
1.35528 6.6895
1.35758 6.68957
1.36033 6.6896
1.36263 6.68959
1.36539 6.68952
1.36769 6.68943
1.37045 6.68932
1.37275 6.68923
1.37505 6.68914
1.37781 6.68905
1.38012 6.68897
1.38288 6.68886
1.38518 6.68876
1.38795 6.68863
1.39026 6.68851
1.39256 6.6884
1.39533 6.68829
1.39764 6.68822
1.40041 6.68817
1.40272 6.68814
1.40504 6.68811
1.40781 6.688
1.41012 6.6878
1.4129 6.68734
1.41521 6.68678
1.41753 6.68618
1.42031 6.68553
1.42262 6.68514
1.4254 6.68487
1.42772 6.68476
1.43004 6.68467
1.43283 6.68446
1.43515 6.68415
1.43793 6.68359
1.44025 6.68302
1.44258 6.68245
1.44536 6.68182
1.44769 6.6814
1.45001 6.68107
1.4528 6.68074
1.45513 6.68047
1.45792 6.68008
1.46025 6.67967
1.46258 6.67921
1.46538 6.67859
1.46771 6.67806
1.47004 6.67755
1.47284 6.67696
1.47517 6.67648
1.4775 6.67597
1.48031 6.6753
1.48264 6.67463
1.48545 6.67369
1.48779 6.67276
1.49013 6.67171
1.49293 6.67027
1.49528 6.66892
1.49762 6.66742
1.50043 6.66545
1.50278 6.66364
1.50513 6.66167
1.50794 6.65915
1.5103 6.65696
1.51265 6.65474
1.515 6.6525
1.51783 6.64988
1.52019 6.64786
1.52255 6.64607
1.52538 6.64437
1.52775 6.64324
1.53012 6.6422
1.53297 6.64098
1.53534 6.63977
1.53772 6.63801
1.5401 6.63577
1.54297 6.63293
1.54536 6.63087
1.54775 6.62944
1.55015 6.62882
1.55255 6.62906
1.55544 6.63003
1.55785 6.63094
1.56027 6.63163
1.56269 6.63188
1.56512 6.63157
1.56755 6.63062
1.57048 6.62852
1.57293 6.62576
1.57538 6.62187
1.57784 6.6167
1.58031 6.61042
1.58278 6.60332
1.58526 6.59586
1.58775 6.58838
1.59024 6.5812
1.59274 6.57439
1.59524 6.56797
1.59776 6.56178
1.60028 6.55567
1.60281 6.54942
1.60534 6.54288
1.60789 6.53593
1.61044 6.52849
1.613 6.52055
1.61505 6.51386
1.61763 6.50508
1.62021 6.49613
1.62281 6.48696
1.62541 6.47804
1.6275 6.47117
1.63012 6.46342
1.63275 6.45651
1.63539 6.45004
1.6375 6.4446
1.64016 6.43699
1.64282 6.42842
1.6455 6.41862
1.64764 6.40971
1.65034 6.39722
1.65304 6.38398
1.65521 6.37347
1.65793 6.36101
1.66011 6.35021
1.66285 6.3352
1.66505 6.32525
1.6678 6.31512
1.67001 6.30807
1.67278 6.29985
1.675 6.29338
1.67779 6.30145
1.68002 6.715
1.68282 8.93323
1.68506 12.7471
1.68788 20.7706
1.69013 30.5733
1.69296 48.5349
1.69523 66.1099
1.69807 89.3672
1.70035 107.667
1.70263 124.795
1.7055 144.448
1.7078 158.701
1.7101 171.199
1.71299 182.435
1.7153 188.06
1.71763 192.562
1.72054 198.266
1.72287 202.806
1.72521 206.654
1.72756 209.296
1.7305 210.488
1.73285 209.732
1.7352 208.002
1.73755 205.342
1.74038 201.77
1.74265 199.584
1.74536 197.658
1.74803 195.434
1.7502 193.095
1.75291 189.374
1.75507 186.387
1.75774 183.042
1.76038 180.326
1.76298 178.25
1.76506 176.649
1.76768 174.508
1.77029 172.648
1.7729 171.493
1.77551 170.796
1.77758 170.378
1.78018 170.071
1.78281 170.048
1.78543 170.528
1.7875 171.173
1.7901 171.879
1.79275 172.219
1.79542 172.002
1.79754 171.581
1.80017 170.917
1.8028 170.179
1.80542 169.435
1.80752 168.838
1.81016 168.061
1.81279 167.226
1.81541 166.34
1.81751 165.589
1.82013 164.586
1.82276 163.524
1.82544 162.415
1.82759 161.531
1.83023 160.457
1.83288 159.409
1.83501 158.576
1.83768 157.524
1.84033 156.414
1.84297 155.181
1.84508 154.107
1.84771 152.66
1.85038 151.08
1.85253 149.737
1.85521 147.995
1.85789 146.213
1.86004 144.778
1.86273 143.006
1.86542 141.303
1.86754 140.007
1.8702 138.451
1.8729 136.943
1.87506 135.789
1.87775 134.418
1.88044 133.109
1.88259 132.094
1.88528 130.863
1.88798 129.673
1.89014 128.76
1.89283 127.692
1.89551 126.744
1.89765 126.096
1.90034 125.45
1.90302 124.997
1.90518 124.733
1.90787 124.447
1.91051 124.205
1.91263 124.033
1.91533 123.832
1.91803 123.674
1.92019 123.584
1.92288 123.485
1.92506 123.396
1.9278 123.256
1.93051 123.083
1.93263 122.923
1.9353 122.709
1.93798 122.481
1.94012 122.29
1.9428 122.03
1.94548 121.741
1.94764 121.486
1.95033 121.147
1.9525 120.862
1.95522 120.493
1.95793 120.11
1.96008 119.793
1.96278 119.379
1.96548 118.943
1.96763 118.577
1.9703 118.099
1.97298 117.596
1.97513 117.169
1.97782 116.6
1.9805 115.995
1.98264 115.486
1.98533 114.824
1.98801 114.141
1.99016 113.582
1.99285 112.873
1.995 112.299
1.9977 111.578
2.00039 110.862
2.00253 110.298
2.00521 109.605
2.00793 108.927
2.0101 108.409
2.0128 107.802
2.0155 107.245
2.01765 106.839
2.02033 106.381
2.02304 105.973
2.02521 105.681
2.02792 105.356
2.03009 105.123
2.03279 104.86
2.03549 104.625
2.03765 104.456
2.04033 104.261
2.04303 104.07
2.0452 103.917
2.04791 103.726
2.05008 103.577
2.0528 103.395
2.0555 103.217
2.05766 103.075
2.06037 102.897
2.06254 102.751
2.06525 102.564
2.06795 102.371
2.07011 102.21
2.07281 102.001
2.07552 101.784
2.07767 101.605
2.08036 101.377
2.08257 101.187
2.08533 100.948
2.08751 100.761
2.09022 100.53
2.09292 100.302
2.09508 100.123
2.09778 99.9023
2.10048 99.6859
2.10263 99.5161
2.10533 99.3098
2.10803 99.1118
2.1102 98.9602
2.11292 98.7821
2.1151 98.6495
2.11782 98.4964
2.12053 98.3578
2.12271 98.2567
2.12542 98.142
2.12758 98.0582
2.13028 97.9617
2.13298 97.8717
2.13514 97.8039
2.13785 97.7237
2.14002 97.6628
2.14273 97.5899
2.14543 97.52
2.1476 97.4661
2.1503 97.4016
2.153 97.3429
2.15516 97.304
2.15786 97.2764
2.16001 97.282
2.16271 97.3283
2.16541 97.4075
2.16758 97.4811
2.17027 97.5777
2.17297 97.6819
2.17513 97.7728
2.17784 97.8971
2.1805 98.0276
2.18263 98.1372
2.18535 98.281
2.18754 98.3965
2.19025 98.5381
2.19296 98.6762
2.19514 98.7844
2.19787 98.9161
2.20005 99.0157
2.20272 99.1258
2.20539 99.2187
2.20753 99.2805
2.21021 99.3451
2.2129 99.4008
2.21505 99.44
2.21773 99.4813
2.22041 99.5128
2.22257 99.5305
2.22528 99.5413
2.22797 99.5376
2.23011 99.5206
2.23279 99.4797
2.23547 99.4153
2.23763 99.3456
2.24034 99.2339
2.2425 99.1234
2.24521 98.958
2.24791 98.7622
2.25005 98.5863
2.25272 98.3404
2.2554 98.0689
2.25754 97.8376
2.26025 97.5343
2.26297 97.225
2.26513 96.9814
2.26782 96.6879
2.2705 96.4114
2.27264 96.2056
2.27532 95.9677
2.27801 95.7502
2.28017 95.5914
2.2829 95.4079
2.28508 95.2741
2.28777 95.1235
2.29045 94.9873
2.29259 94.8872
2.29527 94.7717
2.29797 94.6637
2.30014 94.5826
2.30283 94.4884
2.30552 94.3987
2.30767 94.3262
2.31036 94.2318
2.31252 94.1517
2.31523 94.0433
2.31794 93.9245
2.3201 93.8207
2.32281 93.6785
2.32552 93.5262
2.32767 93.3972
2.3304 93.2218
2.33259 93.0697
2.33532 92.866
2.33802 92.6475
2.34019 92.4602
2.3429 92.2098
2.34507 91.9974
2.34778 91.718
2.35049 91.4233
2.35264 91.1793
2.35534 90.8643
2.35803 90.5404
2.36018 90.2761
2.36288 89.9409
2.36503 89.6702
2.36775 89.3268
2.37051 88.9787
2.3727 88.7037
2.3754 88.3705
2.37756 88.1099
2.38029 87.7907
2.38301 87.4858
2.38521 87.253
2.38795 86.9793
2.39012 86.778
2.39282 86.5451
2.39501 86.3698
2.39777 86.1643
2.40051 85.9802
2.40267 85.847
2.40538 85.6936
2.40755 85.5794
2.41027 85.4443
2.41298 85.3148
2.41515 85.2135
2.41786 85.0884
2.42003 84.9884
2.42276 84.8617
2.4255 84.7323
2.42768 84.627
2.43039 84.4922
2.43256 84.3804
2.4353 84.2349
2.43805 84.0859
2.44024 83.9635
2.44299 83.8057
2.44516 83.6783
2.44787 83.5174
2.45007 83.3858
2.45283 83.2185
2.45502 83.084
2.45773 82.9192
2.46047 82.7609
2.46268 82.6406
2.46544 82.5033
2.46762 82.402
2.47035 82.2814
2.47255 82.189
2.4753 82.0818
2.47804 81.9868
2.48023 81.9206
2.48296 81.8516
2.48515 81.8087
2.48788 81.7728
2.49007 81.7594
2.49282 81.7595
2.49502 81.7681
2.49777 81.7805
2.50051 81.7846
2.5027 81.7798
2.50543 81.7661
2.50761 81.7515
2.51033 81.7306
2.51252 81.7119
2.51525 81.685
2.51799 81.652
2.52018 81.6197
2.52293 81.5705
2.52512 81.5243
2.52787 81.4609
2.53007 81.406
2.5328 81.3293
2.53554 81.2421
2.53771 81.1652
2.54043 81.0588
2.54261 80.9679
2.54534 80.8538
2.54752 80.7669
2.55023 80.6661
2.55296 80.5734
2.55515 80.504
2.5579 80.424
2.56008 80.366
2.5628 80.3009
2.56553 80.2431
2.5677 80.2027
2.57042 80.1609
2.5726 80.1369
2.57532 80.1193
2.57751 80.1152
2.58024 80.1224
2.58297 80.1466
2.58516 80.1804
2.58792 80.2433
2.59014 80.3105
2.59288 80.4122
2.59507 80.5018
2.5978 80.613
2.60054 80.7112
2.60273 80.7749
2.60547 80.8339
2.60767 80.8665
2.61042 80.8917
2.61262 80.9024
2.61538 80.9058
2.61759 80.9003
2.62033 80.8838
2.62252 80.8618
2.62527 80.8191
2.62804 80.7615
2.63024 80.7075
2.63298 80.6327
2.63517 80.5692
2.63792 80.4888
2.64013 80.4246
2.64287 80.3462
2.64506 80.2849
2.64782 80.2093
2.65003 80.1498
2.65279 80.0765
2.65552 80.0042
2.65772 79.9471
2.66046 79.8783
2.66266 79.8264
2.66539 79.7673
2.66758 79.7261
2.67032 79.6825
2.6725 79.6513
2.67526 79.6133
2.67801 79.5769
2.68021 79.5498
2.68296 79.5189
2.68516 79.4967
2.68792 79.4729
2.69013 79.4575
2.69287 79.4457
2.69506 79.4456
2.69782 79.4569
2.70003 79.4755
2.70278 79.5104
2.70553 79.5578
2.70773 79.6042
2.71048 79.6719
2.7127 79.7336
2.71549 79.8197
2.71772 79.8943
2.72047 79.9932
2.72267 80.0775
2.72541 80.1887
2.72761 80.282
2.73035 80.4028
2.73254 80.5022
2.73528 80.6283
2.73802 80.7544
2.74021 80.8532
2.74296 80.9711
2.74517 81.0583
2.74792 81.1554
2.75013 81.2219
2.75287 81.2899
2.75506 81.3332
2.75779 81.3745
2.76052 81.4013
2.76272 81.4117
2.76547 81.4124
2.76767 81.4045
2.77042 81.387
2.77263 81.3687
2.7754 81.3413
2.77761 81.3167
2.78038 81.2833
2.78259 81.2544
2.78534 81.2156
2.78754 81.182
2.79029 81.1369
2.79304 81.0887
2.79523 81.0488
2.79796 80.998
2.80014 80.9568
2.80289 80.9051
2.80509 80.8641
2.80783 80.814
2.81002 80.7754
2.81277 80.73
2.81552 80.6921
2.81773 80.6691
2.82049 80.6502
2.8227 80.6433
2.82547 80.6455
2.82767 80.6561
2.83041 80.6803
2.8326 80.7086
2.83536 80.7551
2.83756 80.8011
2.84032 80.8695
2.84252 80.9324
2.84528 81.0206
2.84804 81.1184
2.85024 81.2024
2.853 81.3132
2.85521 81.4047
2.85798 81.5203
2.86019 81.6109
2.86295 81.7179
2.86515 81.7966
2.8679 81.8834
2.87011 81.9417
2.87286 81.9988
2.87505 82.0312
2.8778 82.055
2.88001 82.0607
2.88277 82.0515
2.88553 82.0252
2.88774 81.9926
2.89052 81.9384
2.89274 81.8847
2.89551 81.8046
2.89772 81.7303
2.90048 81.629
2.90268 81.5433
2.90544 81.4304
2.90765 81.3361
2.91042 81.2148
2.91264 81.1158
2.91541 80.9908
2.91762 80.8909
2.92039 80.7673
2.92261 80.6698
2.92538 80.5514
2.9276 80.4605
2.93036 80.3524
2.93257 80.2709
2.93531 80.1764
2.93751 80.1069
2.94028 80.0276
2.94305 79.9584
2.94526 79.9103
2.94801 79.8578
2.95022 79.822
2.95299 79.7854
2.95519 79.7631
2.95795 79.7443
2.96016 79.7364
2.96293 79.7352
2.96515 79.7406
2.96791 79.7542
2.97012 79.7696
2.97288 79.793
2.97508 79.8139
2.97785 79.841
2.98007 79.8618
2.98285 79.8843
2.98508 79.8977
2.98787 79.9062
2.99008 79.9048
2.99285 79.8915
2.99507 79.8708
2.99785 79.8323
3.00006 79.7919
3.00281 79.7304
3.00502 79.6732
3.00778 79.5957
3.01054 79.5093
3.01275 79.432
3.01552 79.327
3.01776 79.2368
3.02055 79.1194
3.02277 79.0242
3.02554 78.9042
3.02776 78.8083
3.03054 78.6899
3.03276 78.5973
3.03553 78.4849
3.03774 78.3981
3.04051 78.294
3.04272 78.2147
3.04549 78.1207
3.04771 78.0499
3.05048 77.967
3.0527 77.905
3.05548 77.8329
3.05771 77.7793
3.06049 77.717
3.06271 77.6714
3.06548 77.62
3.0677 77.5838
3.07047 77.5447
3.0727 77.5184
3.07548 77.4922
3.0777 77.4766
3.08047 77.4633
3.08269 77.4572
3.08549 77.4545
3.08772 77.4557
3.0905 77.4605
3.09272 77.4662
3.09548 77.4745
3.09769 77.4817
3.10047 77.4903
3.10269 77.4964
3.10547 77.5025
3.1077 77.5058
3.11048 77.5075
3.11269 77.5069
3.11546 77.5036
3.11768 77.4987
3.12046 77.4901
3.1227 77.481
3.1255 77.4673
3.12772 77.4547
3.13049 77.4373
3.1327 77.4222
3.13549 77.4021
3.13771 77.3852
3.14049 77.3635
3.14272 77.3457
3.14549 77.3232
3.1477 77.3049
3.15048 77.2818
3.1527 77.2631
3.15548 77.2395
3.15771 77.2205
3.16049 77.1969
3.16271 77.1783
3.16549 77.1554
3.16771 77.1375
3.17049 77.116
3.17273 77.0995
3.17552 77.0802
3.17775 77.066
3.18052 77.0499
3.18274 77.0384
3.18553 77.0257
3.18776 77.0172
3.19054 77.0085
3.19277 77.0032
3.195 76.9992
3.1978 76.9963
3.20002 76.9956
3.2028 76.9966
3.20502 76.9988
3.20781 77.0033
3.21003 77.0082
3.21281 77.0156
3.21503 77.0226
3.21781 77.0325
3.22004 77.041
3.22282 77.0523
3.22505 77.0617
3.22784 77.0734
3.23007 77.0826
3.23286 77.0936
3.23509 77.1016
3.23788 77.1104
3.24011 77.1162
3.24289 77.1213
3.24512 77.1236
3.2479 77.1239
3.25014 77.1217
3.25294 77.1157
3.25517 77.1082
3.25795 77.0954
3.26018 77.0821
3.26298 77.0618
3.26521 77.0425
3.268 77.0146
3.27024 76.9894
3.27303 76.9543
3.27525 76.9235
3.27804 76.8816
3.28028 76.8454
3.28251 76.8071
3.2853 76.7564
3.28753 76.7137
3.29031 76.6579
3.29255 76.6115
3.29533 76.5516
3.29756 76.5024
3.30036 76.4394
3.3026 76.3879
3.3054 76.3229
3.30763 76.2706
3.31042 76.2051
3.31266 76.1528
3.31545 76.0877
3.31769 76.0358
3.32049 75.9718
3.32273 75.9215
3.32552 75.8599
3.32775 75.8116
3.33055 75.7528
3.33278 75.7069
3.33502 75.662
3.33781 75.607
3.34005 75.5634
3.34284 75.5094
3.34507 75.4663
3.34786 75.4126
3.3501 75.3695
3.3529 75.3152
3.35514 75.2714
3.35794 75.2159
3.36017 75.1708
3.36297 75.1132
3.3652 75.0658
3.368 75.0046
3.37024 74.9538
3.37304 74.8878
3.37527 74.8327
3.37751 74.7753
3.3803 74.7003
3.38254 74.6381
3.38534 74.5586
3.38758 74.4931
3.39038 74.4079
3.39262 74.3373
3.39541 74.2469
3.39765 74.1729
3.40045 74.0788
3.40269 74.0023
3.40548 73.9059
3.40772 73.8284
3.41052 73.7317
3.41276 73.6547
3.41501 73.5785
3.41781 73.4847
3.42005 73.4111
3.42284 73.3214
3.42508 73.2519
3.42788 73.1679
3.43011 73.1031
3.43291 73.0241
3.43515 72.9618
3.43796 72.8858
3.4402 72.8272
3.443 72.7574
3.44524 72.7042
3.44804 72.6411
3.45028 72.5931
3.45252 72.5474
3.45532 72.4933
3.45756 72.4523
3.46037 72.404
3.46261 72.3673
3.46542 72.324
3.46767 72.2909
3.47047 72.2514
3.47271 72.221
3.47551 72.1844
3.47775 72.1562
3.48056 72.1218
3.4828 72.0949
3.48505 72.0686
3.48785 72.0362
3.4901 72.0105
3.4929 71.9788
3.49514 71.9537
3.49795 71.9225
3.50019 71.8977
3.50299 71.8671
3.50523 71.8429
3.50805 71.813
3.5103 71.7896
3.51255 71.7668
3.51535 71.7391
3.5176 71.7176
3.5204 71.6919
3.52264 71.6723
3.52546 71.6488
3.52771 71.631
3.53052 71.6102
3.53277 71.5947
3.53501 71.5802
3.53782 71.5633
3.54007 71.5508
3.54287 71.5364
3.54512 71.5258
3.54792 71.5134
3.55017 71.5042
3.55298 71.4933
3.55524 71.4851
3.55805 71.4751
3.56029 71.4672
3.56253 71.4594
3.56535 71.4496
3.5676 71.4415
3.57041 71.431
3.57266 71.4221
3.57547 71.4105
3.57771 71.4007
3.58053 71.3875
3.58279 71.3764
3.58505 71.3646
3.58785 71.3492
3.5901 71.3362
3.59291 71.3192
3.59517 71.305
3.59798 71.2867
3.60023 71.2716
3.60304 71.2522
3.60528 71.2365
3.60753 71.2205
3.61034 71.2003
3.6126 71.1842
3.6154 71.1641
3.61765 71.1482
3.62046 71.1286
3.62271 71.1132
3.62552 71.0944
3.62777 71.0799
3.63002 71.0658
3.63283 71.0488
3.63507 71.0358
3.63789 71.0201
3.64014 71.008
3.64296 70.9936
3.6452 70.9826
3.64802 70.9692
3.65028 70.9589
3.65254 70.9488
3.65535 70.9365
3.6576 70.9268
3.66042 70.9148
3.66267 70.9053
3.66549 70.8933
3.66774 70.8836
3.67056 70.8714
3.67281 70.8614
3.67507 70.8513
3.67788 70.8384
3.68014 70.8278
3.68296 70.8142
3.68522 70.8031
3.68804 70.789
3.69029 70.7775
3.69254 70.7659
3.69537 70.751
3.69762 70.7391
3.70044 70.7241
3.70269 70.712
3.70551 70.697
3.70777 70.685
3.71002 70.6731
3.71284 70.6584
3.7151 70.6468
3.71792 70.6326
3.72017 70.6215
3.723 70.6078
3.72526 70.5971
3.72751 70.5867
3.73033 70.574
3.73259 70.564
3.73542 70.5518
3.73767 70.5423
3.74049 70.5308
3.74274 70.5217
3.74501 70.5128
3.74785 70.5019
3.7501 70.4935
3.75292 70.4831
3.75518 70.4751
3.758 70.4652
3.76026 70.4576
3.76251 70.4502
3.76533 70.4412
3.76758 70.4343
3.7704 70.4259
3.77266 70.4195
3.77548 70.4118
3.77773 70.4059
3.78055 70.3989
3.78281 70.3936
3.78508 70.3886
3.7879 70.3827
3.79016 70.3783
3.79297 70.3732
3.79523 70.3694
3.79805 70.3651
3.80031 70.362
3.80257 70.3592
3.80539 70.3561
3.80765 70.354
3.81047 70.3519
3.81273 70.3505
3.81555 70.3493
3.81781 70.3487
3.82006 70.3485
3.82288 70.3488
3.82514 70.3493
3.82796 70.3506
3.83022 70.352
3.83305 70.3543
3.8353 70.3565
3.83756 70.359
3.84038 70.3627
3.84263 70.366
3.84546 70.3705
3.84772 70.3745
3.85054 70.3799
3.8528 70.3845
3.85506 70.3894
3.85789 70.3959
3.86014 70.4014
3.86297 70.4086
3.86524 70.4147
3.86806 70.4226
3.87032 70.4292
3.87258 70.4359
3.8754 70.4447
3.87766 70.4519
3.88049 70.4611
3.88276 70.4687
3.88502 70.4763
3.88784 70.4859
3.8901 70.4937
3.89292 70.5035
3.89518 70.5114
3.89801 70.5214
3.90028 70.5294
3.90254 70.5374
3.90537 70.5475
3.90763 70.5557
3.91045 70.5661
3.91271 70.5746
3.91555 70.5854
3.91782 70.5943
3.92009 70.6035
3.92294 70.6152
3.92519 70.6247
3.92801 70.6368
3.93028 70.6468
3.93255 70.6568
3.9354 70.6696
3.93768 70.68
3.94054 70.693
3.9428 70.7032
3.94506 70.7135
3.94789 70.7263
3.95015 70.7365
3.95299 70.7492
3.95527 70.7594
3.95754 70.7695
3.96037 70.7822
3.96263 70.7924
3.96546 70.8053
3.96772 70.8158
3.97055 70.8292
3.97282 70.8403
3.97509 70.8516
3.97793 70.8661
3.9802 70.8779
3.98302 70.893
3.98528 70.9052
3.98755 70.9176
3.99038 70.9331
3.99265 70.9456
3.99549 70.961
3.99776 70.9732
4.00002 70.9851
4.00284 70.9996
4.00511 71.0111
4.00793 71.0253
4.0102 71.0366
4.01303 71.0504
4.0153 71.0614
4.01756 71.0723
4.02039 71.0857
4.02266 71.0964
4.02548 71.1094
4.02775 71.1198
4.03001 71.1302
4.03285 71.1434
4.03512 71.1543
4.03795 71.1682
4.04021 71.1796
4.04304 71.194
4.04531 71.2058
4.04758 71.2176
4.05041 71.2326
4.05267 71.2444
4.0555 71.2589
4.05776 71.2701
4.06003 71.281
4.06286 71.2939
4.06512 71.3036
4.06795 71.315
4.07022 71.3235
4.07306 71.3332
4.07532 71.3403
4.07759 71.347
4.08042 71.3548
4.08268 71.3609
4.08552 71.3687
4.08779 71.3753
4.09005 71.3823
4.09288 71.3917
4.09515 71.3996
4.09798 71.41
4.10025 71.4187
4.10251 71.4276
4.10535 71.4389
4.10762 71.4481
4.11046 71.4597
4.11273 71.469
4.11556 71.4802
4.11783 71.4886
4.12009 71.4964
4.12293 71.5049
4.12519 71.5107
4.12803 71.5165
4.13029 71.52
4.13256 71.5223
4.1354 71.5239
4.13768 71.5241
4.14051 71.523
4.14278 71.5213
4.14505 71.5192
4.14789 71.517
4.15017 71.516
4.153 71.5159
4.15526 71.5168
4.15754 71.5186
4.16038 71.522
4.16264 71.5256
4.16548 71.531
4.16774 71.5355
4.17002 71.54
4.17286 71.5453
4.17513 71.5494
4.17798 71.5543
4.18024 71.5576
4.18251 71.5602
4.18535 71.5621
4.18762 71.5622
4.19046 71.5605
4.19273 71.5574
4.19556 71.5507
4.19784 71.5432
4.20011 71.5338
4.20295 71.5199
4.20522 71.5074
4.20805 71.4905
4.21032 71.4765
4.21259 71.4629
4.21543 71.4473
4.21771 71.436
4.22054 71.4238
4.22281 71.4155
4.22508 71.4085
4.22792 71.4016
4.23019 71.3974
4.23302 71.3935
4.23529 71.3911
4.23757 71.3892
4.24041 71.387
4.24268 71.3852
4.24552 71.3833
4.24778 71.3814
4.25005 71.3789
4.25289 71.3741
4.25516 71.3686
4.258 71.3591
4.26026 71.3492
4.26253 71.3371
4.26537 71.3191
4.26765 71.3025
4.27049 71.2793
4.27276 71.2592
4.27503 71.2382
4.27787 71.2116
4.28013 71.1909
4.28297 71.1664
4.28525 71.1482
4.28751 71.1316
4.29035 71.113
4.29262 71.0999
4.29546 71.0859
4.29773 71.0762
4.3 71.0677
4.30284 71.0581
4.30511 71.051
4.30796 71.0421
4.31023 71.0346
4.31251 71.0264
4.31535 71.0153
4.31761 71.0058
4.32045 70.993
4.32272 70.9817
4.32556 70.9658
4.32783 70.9514
4.3301 70.9353
4.33294 70.9127
4.33521 70.8925
4.33806 70.8647
4.34033 70.8408
4.34261 70.8157
4.34544 70.7832
4.34771 70.7571
4.35055 70.7256
4.35283 70.7017
4.3551 70.6793
4.35793 70.6537
4.3602 70.6352
4.36304 70.6145
4.36532 70.5998
4.36759 70.5865
4.37043 70.5713
4.37271 70.56
4.37555 70.5465
4.37782 70.5358
4.3801 70.5249
4.38294 70.5111
4.38521 70.4999
4.38805 70.4853
4.39032 70.473
4.39259 70.4599
4.39544 70.4423
4.39771 70.4275
4.40055 70.4078
4.40282 70.391
4.4051 70.3732
4.40794 70.3494
4.41022 70.3292
4.41306 70.303
4.41533 70.2817
4.4176 70.2602
4.42045 70.2335
4.42272 70.2125
4.42556 70.1873
4.42783 70.1681
4.43011 70.1501
4.43295 70.1296
4.43523 70.1148
4.43807 70.0982
4.44034 70.0862
4.44262 70.0754
4.44546 70.0628
4.44774 70.0534
4.45001 70.0441
4.45285 70.0327
4.45512 70.0234
4.45797 70.0118
4.46025 70.0023
4.46253 69.9926
4.46537 69.9799
4.46764 69.9692
4.47048 69.9549
4.47276 69.9427
4.47504 69.9301
4.47788 69.9134
4.48015 69.8996
4.48299 69.8819
4.48526 69.8674
4.48755 69.8528
4.4904 69.8346
4.49267 69.8205
4.49551 69.8036
4.49779 69.7908
4.50007 69.7791
4.50292 69.766
4.50519 69.7572
4.50803 69.7482
4.51031 69.7426
4.51258 69.7384
4.51543 69.7348
4.51771 69.733
4.52056 69.7316
4.52283 69.731
4.5251 69.7307
4.52795 69.7305
4.53023 69.7302
4.53251 69.7296
4.53535 69.7282
4.53763 69.7265
4.54047 69.7236
4.54275 69.7207
4.54503 69.7172
4.54788 69.7122
4.55015 69.7077
4.55299 69.7014
4.55527 69.696
4.55756 69.6903
4.5604 69.683
4.56268 69.6772
4.56552 69.6702
4.5678 69.6652
4.57007 69.6608
4.57292 69.6566
4.5752 69.6546
4.57805 69.654
4.58033 69.6553
4.58261 69.6581
4.58547 69.664
4.58775 69.6704
4.59002 69.6779
4.59287 69.6889
4.59514 69.6987
4.59799 69.7116
4.60027 69.7223
4.60255 69.733
4.6054 69.7461
4.60767 69.7562
4.61052 69.7682
4.61281 69.7773
4.61509 69.7859
4.61794 69.7958
4.62022 69.8032
4.62306 69.8116
4.62534 69.8177
4.62762 69.8232
4.63047 69.8292
4.63275 69.8334
4.63503 69.8371
4.63787 69.8412
4.64015 69.8443
4.64301 69.8483
4.64529 69.8517
4.64757 69.8558
4.65042 69.8621
4.6527 69.8684
4.65555 69.8782
4.65783 69.8877
4.66012 69.8986
4.66296 69.914
4.66524 69.9274
4.66752 69.9416
4.67037 69.9603
4.67265 69.9757
4.6755 69.9954
4.67778 70.0115
4.68006 70.0277
4.68291 70.0477
4.68519 70.0633
4.68805 70.0821
4.69034 70.0964
4.69261 70.1099
4.69545 70.1258
4.69774 70.1376
4.70002 70.1487
4.70287 70.1615
4.70515 70.1709
4.708 70.1815
4.71028 70.1892
4.71256 70.1962
4.71542 70.2045
4.71771 70.2107
4.72056 70.2183
4.72284 70.2245
4.72512 70.2313
4.72797 70.2407
4.73025 70.2491
4.73253 70.2583
4.73539 70.2709
4.73767 70.2816
4.74051 70.2958
4.74279 70.3076
4.74508 70.3198
4.74794 70.3353
4.75022 70.3478
4.7525 70.3604
4.75535 70.3758
4.75763 70.388
4.76049 70.4029
4.76278 70.4144
4.76506 70.4256
4.76791 70.4395
4.77019 70.4502
4.77304 70.4627
4.77532 70.4718
4.77761 70.4801
4.78046 70.4891
4.78274 70.4952
4.78502 70.5003
4.78787 70.5057
4.79016 70.5091
4.79302 70.5128
4.7953 70.5156
4.79758 70.5184
4.80043 70.5219
4.80272 70.5249
4.80557 70.5289
4.80786 70.5325
4.81014 70.5362
4.81299 70.5412
4.81527 70.5454
4.81755 70.5497
4.8204 70.5553
4.82269 70.5598
4.82555 70.5653
4.82784 70.5695
4.83012 70.5735
4.83297 70.5781
4.83526 70.5813
4.83754 70.5841
4.84039 70.5867
4.84267 70.5881
4.84552 70.5889
4.8478 70.5886
4.85008 70.5876
4.85294 70.5851
4.85523 70.5822
4.85751 70.5786
4.86037 70.573
4.86265 70.5678
4.8655 70.5606
4.86778 70.5544
4.87008 70.5479
4.87294 70.5396
4.87522 70.5329
4.8775 70.5263
4.88036 70.5182
4.88264 70.512
4.8855 70.5044
4.88779 70.4987
4.89008 70.4931
4.89292 70.4864
4.8952 70.4811
4.89806 70.4744
4.90035 70.469
4.90264 70.4635
4.9055 70.4562
4.90779 70.45
4.91007 70.4433
4.91293 70.4342
4.91521 70.4263
4.91807 70.4153
4.92035 70.4056
4.92263 70.395
4.92549 70.3805
4.92777 70.3677
4.93005 70.3539
4.93291 70.3354
4.93521 70.3196
4.93806 70.2989
4.94035 70.2817
4.94263 70.2642
4.94548 70.242
4.94777 70.2241
4.95006 70.2064
4.95293 70.1845
4.95521 70.1674
4.95807 70.1466
4.96036 70.1303
4.96264 70.1144
4.9655 70.0949
4.96779 70.0796
4.97008 70.0645
4.97293 70.0458
4.97521 70.0309
4.97806 70.0121
4.98035 69.9969
4.98265 69.9814
4.98552 69.9614
4.98781 69.945
4.9901 69.9279
4.99295 69.9056
4.99524 69.8868
4.99752 69.867
5.00038 69.841
5.00267 69.8189
5.00553 69.7901
5.00781 69.766
5.01009 69.7411
5.01295 69.709
5.01524 69.6828
5.01753 69.6562
5.0204 69.6227
5.02269 69.5961
5.02554 69.5629
5.02783 69.5367
5.03011 69.5109
5.03297 69.4791
5.03527 69.454
5.03756 69.4294
5.04042 69.3993
5.0427 69.3757
5.04556 69.3465
5.04785 69.3235
5.05014 69.3007
5.05301 69.2723
5.0553 69.2496
5.05758 69.227
5.06043 69.1983
5.06272 69.1749
5.06501 69.151
5.06787 69.1202
5.07017 69.0946
5.07304 69.0614
5.07533 69.0339
5.07761 69.0055
5.08047 68.9687
5.08276 68.9383
5.08505 68.9072
5.08791 68.8674
5.0902 68.8351
5.09306 68.7945
5.09534 68.762
5.09763 68.7295
5.10049 68.6891
5.10278 68.6571
5.10508 68.6255
5.10795 68.5868
5.11023 68.5564
5.11252 68.5267
5.11538 68.4902
5.11766 68.4618
5.12053 68.4268
5.12283 68.3994
5.12512 68.3725
5.12798 68.3395
5.13027 68.3134
5.13255 68.2875
5.13542 68.2552
5.13771 68.2291
5.14001 68.2028
5.14287 68.1693
5.14516 68.1418
5.14802 68.1065
5.1503 68.0773
5.15259 68.0473
5.15546 68.0083
5.15776 67.9762
5.16005 67.9434
5.16291 67.9016
5.1652 67.8676
5.16806 67.8249
5.17035 67.7906
5.17264 67.7562
5.1755 67.7136
5.17779 67.6799
5.18008 67.6466
5.18294 67.6057
5.18522 67.5736
5.18751 67.5421
5.19038 67.5036
5.19267 67.4735
5.19554 67.4368
5.19783 67.4083
5.20012 67.3804
5.20298 67.3461
5.20526 67.319
5.20755 67.2924
5.21041 67.2596
5.21271 67.2336
5.215 67.2078
5.21787 67.1758
5.22016 67.1501
5.22302 67.1178
5.22531 67.0916
5.2276 67.065
5.23048 67.0308
5.23279 67.0025
5.23508 66.9735
5.23795 66.9363
5.24024 66.9059
5.24252 66.8751
5.24539 66.836
5.24768 66.8046
5.25055 66.7652
5.25284 66.734
5.25513 66.7029
5.25799 66.6646
5.26028 66.6341
5.26257 66.6038
5.26544 66.5662
5.26773 66.5366
5.27003 66.5076
5.27289 66.4721
5.27518 66.4446
5.27804 66.4113
5.28033 66.3856
5.28262 66.3607
5.28549 66.3306
5.28778 66.3073
5.29008 66.2847
5.29294 66.2574
5.29523 66.2361
5.29752 66.2151
5.30038 66.189
5.30268 66.1682
5.30554 66.142
5.30784 66.1207
5.31013 66.099
5.313 66.0712
5.31529 66.0484
5.31758 66.0252
5.32044 65.9953
5.32274 65.9709
5.32504 65.946
5.32793 65.9143
5.33024 65.8887
5.33254 65.863
5.33542 65.8308
5.33771 65.8053
5.34 65.78
5.34287 65.7489
5.34516 65.7244
5.34803 65.6947
5.35032 65.6716
5.35261 65.6493
5.35548 65.6226
5.35776 65.6022
5.36006 65.5827
5.36293 65.5595
5.36523 65.542
5.36754 65.5254
5.37043 65.5056
5.37272 65.4907
5.37502 65.4764
5.37788 65.4592
5.38017 65.4457
5.38303 65.429
5.38533 65.4154
5.38763 65.4016
5.39049 65.3838
5.39278 65.3691
5.39507 65.3539
5.39794 65.3342
5.40023 65.3178
5.40254 65.3009
5.40541 65.2791
5.40772 65.2612
5.41002 65.2429
5.41289 65.2197
5.41518 65.2009
5.41804 65.1774
5.42033 65.1587
5.42263 65.1401
5.4255 65.1172
5.42779 65.0994
5.43011 65.0819
5.433 65.0611
5.43531 65.0453
5.43762 65.0303
5.4405 65.0127
5.44281 64.9998
5.44511 64.9877
5.44798 64.974
5.45028 64.9641
5.45257 64.9549
5.45544 64.9446
5.45773 64.937
5.46003 64.9299
5.46289 64.9215
5.46519 64.9149
5.46806 64.9066
5.47037 64.8997
5.47267 64.8926
5.47555 64.8835
5.47786 64.8758
5.48017 64.8675
5.48304 64.8564
5.48534 64.8467
5.48764 64.8364
5.49051 64.8227
5.4928 64.8112
5.4951 64.7993
5.49796 64.7839
5.50026 64.7713
5.50255 64.7586
5.50542 64.7426
5.50771 64.7298
5.51002 64.7172
5.5129 64.7019
5.51521 64.6901
5.51753 64.6787
5.52042 64.6655
5.52272 64.6558
5.52503 64.6469
5.5279 64.6369
5.53019 64.6299
5.53306 64.6224
5.53535 64.6174
5.53765 64.6132
5.54053 64.6091
5.54283 64.6066
5.54513 64.6047
5.54801 64.6029
5.55033 64.6017
5.55264 64.6005
5.55554 64.5991
5.55786 64.598
5.56018 64.5968
5.56307 64.5948
5.56538 64.5927
5.56769 64.5899
5.57057 64.5856
5.57287 64.5814
5.57517 64.5765
5.57804 64.5694
5.58034 64.5633
5.58263 64.5566
5.58551 64.5476
5.58782 64.54
5.59012 64.5321
5.59302 64.5219
5.59534 64.5136
5.59766 64.5054
5.60056 64.4952
5.60287 64.4873
5.60518 64.4798
5.60807 64.4711
5.61037 64.4648
5.61268 64.4591
5.61555 64.453
5.61785 64.4489
5.62015 64.4458
5.62302 64.443
5.62532 64.4418
5.62762 64.4414
5.63049 64.4421
5.63279 64.4435
5.63509 64.4455
5.63797 64.4487
5.64027 64.4516
5.64258 64.4546
5.64546 64.4583
5.64777 64.4615
5.65008 64.4645
5.65296 64.468
5.65527 64.4703
5.65759 64.472
5.66047 64.4733
5.66277 64.4736
5.66507 64.4732
5.66794 64.472
5.67024 64.4704
5.67254 64.4683
5.67542 64.4649
5.67773 64.4616
5.68004 64.4579
5.68292 64.4529
5.68522 64.4485
5.68753 64.4441
5.69041 64.4384
5.69272 64.4339
5.69503 64.4296
5.69792 64.4246
5.70024 64.421
5.70256 64.4179
5.70546 64.4149
5.70778 64.4133
5.7101 64.4124
5.713 64.4125
5.71531 64.4135
5.71762 64.4154
5.7205 64.419
5.72281 64.4228
5.72511 64.4273
5.72799 64.4338
5.73029 64.4396
5.73259 64.4457
5.73547 64.4536
5.73778 64.4599
5.74009 64.466
5.74298 64.4734
5.74529 64.4791
5.7476 64.4844
5.7505 64.4903
5.75282 64.4943
5.75514 64.4978
5.75804 64.5012
5.76037 64.5033
5.7627 64.5047
5.76502 64.5054
5.76793 64.5054
5.77025 64.5048
5.77256 64.5036
5.77546 64.5014
5.77777 64.4991
5.78008 64.4966
5.78296 64.4931
5.78527 64.4902
5.78757 64.4872
5.79045 64.4837
5.79276 64.4812
5.79506 64.479
5.79794 64.4771
5.80024 64.4762
5.80255 64.476
5.80543 64.4769
5.80773 64.4786
5.81004 64.4812
5.81292 64.4857
5.81523 64.4902
5.81754 64.4957
5.82043 64.5035
5.82275 64.5106
5.82506 64.5182
5.82795 64.5283
5.83026 64.5367
5.83257 64.5453
5.83547 64.5561
5.83778 64.5645
5.8401 64.5726
5.84299 64.5822
5.84531 64.5892
5.84763 64.5956
5.85052 64.6026
5.85284 64.6074
5.85515 64.6115
5.85803 64.6153
5.86034 64.6175
5.86265 64.6189
5.86553 64.6195
5.86784 64.6191
5.87014 64.618
5.87303 64.6158
5.87534 64.6134
5.87765 64.6106
5.88054 64.6068
5.88285 64.6035
5.88516 64.6003
5.88805 64.5965
5.89036 64.5939
5.89268 64.5916
5.89557 64.5897
5.89788 64.5889
5.9002 64.589
5.90251 64.5899
5.90541 64.5923
5.90773 64.5953
5.91005 64.5993
5.91296 64.6056
5.91528 64.6117
5.91761 64.6186
5.92052 64.6282
5.92284 64.6366
5.92517 64.6455
5.9275 64.6548
5.93041 64.6666
5.93275 64.6761
5.93509 64.6854
5.938 64.6967
5.94033 64.7052
5.94266 64.7131
5.94556 64.722
5.94789 64.7282
5.95021 64.7335
5.95252 64.7378
5.95542 64.7417
5.95774 64.7437
5.96005 64.7446
5.96294 64.7442
5.96525 64.7429
5.96756 64.7406
5.97045 64.7367
5.97277 64.7327
5.97508 64.7281
5.97796 64.7218
5.98027 64.7164
5.98258 64.7108
5.98547 64.7039
5.98778 64.6986
5.99009 64.6937
5.99298 64.6883
5.99529 64.6846
5.9976 64.6818
6.00049 64.6795
6.0028 64.6788
6.00511 64.6792
6.008 64.6813
6.01032 64.6842
6.01263 64.6882
6.01553 64.6949
6.01785 64.7013
6.02017 64.7089
6.02306 64.7199
6.02538 64.7296
6.0277 64.74
6.03002 64.7509
6.03292 64.7647
6.03524 64.7757
6.03756 64.7864
6.04046 64.7991
6.04279 64.8084
6.04511 64.8167
6.04802 64.8257
6.05034 64.8319
6.05267 64.8372
6.055 64.8414
6.05791 64.8452
6.06025 64.8468
6.06258 64.8472
6.0655 64.8459
6.06783 64.8435
6.07016 64.8398
6.07307 64.8337
6.0754 64.8277
6.07772 64.8207
6.08005 64.813
6.08295 64.8025
6.08527 64.7935
6.08759 64.7843
6.09049 64.7727
6.09281 64.7635
6.09512 64.7545
6.09802 64.7439
6.10034 64.7362
6.10265 64.7291
6.10554 64.7216
6.10786 64.7167
6.11017 64.713
6.11306 64.71
6.11538 64.709
6.11769 64.7093
6.12 64.711
6.12289 64.7149
6.12521 64.7198
6.12752 64.7262
6.13041 64.7361
6.13272 64.7454
6.13504 64.7557
6.13793 64.7696
6.14025 64.7815
6.14256 64.7937
6.14546 64.809
6.14777 64.8212
6.15009 64.833
6.15299 64.8469
6.1553 64.857
6.15762 64.8661
6.16052 64.8759
6.16284 64.8821
6.16517 64.8869
6.16807 64.8914
6.17039 64.8939
6.17271 64.8953
6.17503 64.8955
6.17793 64.8943
6.18025 64.8919
6.18257 64.8884
6.18547 64.8824
6.18778 64.8765
6.1901 64.8695
6.19299 64.8597
6.19531 64.851
6.19763 64.8416
6.20052 64.8293
6.20283 64.8191
6.20515 64.8087
6.20804 64.7956
6.21035 64.7853
6.21267 64.7752
6.21556 64.7631
6.21787 64.754
6.22018 64.7454
6.22308 64.7358
6.22539 64.7289
6.2277 64.723
6.23001 64.7179
6.2329 64.713
6.23522 64.7102
6.23753 64.7085
6.24042 64.7079
6.24273 64.7087
6.24504 64.7109
6.24793 64.7155
6.25025 64.7205
6.25256 64.7265
6.25545 64.7356
6.25776 64.7438
6.26008 64.7529
6.26297 64.7653
6.26528 64.7758
6.2676 64.7868
6.27049 64.8011
6.27281 64.8127
6.27512 64.8244
6.27801 64.8389
6.28033 64.8503
6.28264 64.8613
6.28554 64.8744
6.28786 64.8842
6.29017 64.8932
6.29307 64.9034
6.29539 64.9104
6.29771 64.9164
6.30002 64.9214
6.30292 64.9259
6.30524 64.9283
6.30756 64.9298
6.31045 64.9306
6.31277 64.9302
6.31509 64.9288
6.31799 64.9259
6.3203 64.9225
6.32262 64.9182
6.32552 64.9116
6.32784 64.9055
6.33016 64.8987
6.33305 64.8894
6.33537 64.8813
6.33769 64.8727
6.34001 64.8639
6.34291 64.8525
6.34523 64.8434
6.34755 64.8342
6.35045 64.823
6.35277 64.8143
6.35509 64.8059
6.35799 64.7962
6.36032 64.789
6.36264 64.7824
6.36555 64.7753
6.36787 64.7704
6.3702 64.7665
6.37252 64.7637
6.37543 64.7619
6.37775 64.7617
6.38007 64.7626
6.38298 64.7652
6.3853 64.7683
6.38762 64.7724
6.39052 64.7786
6.39284 64.7844
6.39516 64.7908
6.39806 64.7995
6.40038 64.807
6.4027 64.8148
6.40501 64.8227
6.40791 64.8327
6.41023 64.8407
6.41254 64.8485
6.41544 64.8582
6.41775 64.8657
6.42007 64.873
6.42296 64.8818
6.42528 64.8888
6.42759 64.8956
6.43048 64.9041
6.4328 64.9109
6.43511 64.9178
6.438 64.9266
6.44032 64.9339
6.44263 64.9414
6.44552 64.9511
6.44784 64.9592
6.45015 64.9674
6.45304 64.9781
6.45536 64.9868
6.45767 64.9956
6.46056 65.0066
6.46288 65.0153
6.46519 65.0238
6.46751 65.032
6.4704 65.0416
6.47272 65.0486
6.47503 65.0549
6.47793 65.0617
6.48024 65.066
6.48256 65.0693
6.48546 65.0718
6.48777 65.0725
6.49009 65.072
6.49299 65.0697
6.49531 65.0666
6.49763 65.0624
6.50053 65.0557
6.50285 65.0493
6.50518 65.0422
6.5075 65.0344
6.51041 65.0241
6.51273 65.0156
6.51506 65.007
6.51796 64.9964
6.52029 64.9882
6.52261 64.9805
6.52552 64.9719
6.52784 64.9658
6.53016 64.9606
6.53307 64.9556
6.53539 64.9528
6.53772 64.9512
6.54004 64.9507
6.54294 64.9516
6.54527 64.9536
6.54759 64.9567
6.5505 64.9618
6.55282 64.9669
6.55515 64.9726
6.55805 64.9806
6.56038 64.9874
6.5627 64.9945
6.56502 65.0017
6.56792 65.0108
6.57024 65.018
6.57256 65.025
6.57546 65.0332
6.57778 65.0393
6.5801 65.045
6.583 65.0512
6.58531 65.0556
6.58763 65.0595
6.59053 65.0638
6.59284 65.0668
6.59516 65.0694
6.59805 65.0723
6.60037 65.0744
6.60268 65.0764
6.60558 65.079
6.60789 65.0811
6.61021 65.0835
6.61252 65.0862
6.61541 65.0901
6.61773 65.0937
6.62005 65.0978
6.62294 65.1037
6.62526 65.1091
6.62757 65.115
6.63047 65.1231
6.63279 65.1303
6.63511 65.1379
6.638 65.1481
6.64032 65.1566
6.64264 65.1652
6.64554 65.176
6.64787 65.1845
6.65019 65.1929
6.65251 65.2009
6.65542 65.2104
6.65774 65.2176
6.66007 65.2242
6.66298 65.2317
6.66531 65.237
6.66763 65.2416
6.67054 65.2465
6.67287 65.2496
6.67519 65.2522
6.67751 65.254
6.68041 65.2556
6.68273 65.2562
6.68505 65.2563
6.68795 65.2558
6.69027 65.2551
6.69258 65.2542
6.69548 65.2529
6.69779 65.2518
6.70011 65.2507
6.703 65.2496
6.70531 65.249
6.70762 65.2486
6.71051 65.2486
6.71283 65.249
6.71514 65.2498
6.71803 65.2515
6.72034 65.2533
6.72265 65.2555
6.72554 65.2591
6.72785 65.2625
6.73016 65.2665
6.73305 65.2721
6.73537 65.2773
6.73768 65.2829
6.74057 65.2906
6.74288 65.2973
6.7452 65.3044
6.74751 65.3119
6.75041 65.3218
6.75272 65.3299
6.75504 65.3382
6.75794 65.3488
6.76025 65.3572
6.76257 65.3656
6.76547 65.376
6.76779 65.3842
6.77011 65.3921
6.77301 65.4017
6.77533 65.409
6.77765 65.416
6.78055 65.4242
6.78287 65.4301
6.78519 65.4354
6.78751 65.4401
6.79042 65.4451
6.79274 65.4483
6.79506 65.4508
6.79797 65.4529
6.80029 65.4539
6.80261 65.4543
6.80551 65.4539
6.80783 65.4529
6.81015 65.4514
6.81305 65.449
6.81536 65.4465
6.81768 65.4437
6.82057 65.4398
6.82289 65.4365
6.8252 65.4329
6.82752 65.4293
6.83041 65.4246
6.83272 65.4209
6.83503 65.4174
6.83792 65.4131
6.84024 65.4099
6.84255 65.4069
6.84544 65.4037
6.84775 65.4016
6.85007 65.3999
6.85296 65.3983
6.85527 65.3975
6.85759 65.3969
6.86048 65.3967
6.8628 65.3969
6.86511 65.3974
6.86801 65.3984
6.87033 65.3997
6.87265 65.4012
6.87554 65.4036
6.87787 65.4058
6.88019 65.4084
6.88251 65.4113
6.88542 65.4154
6.88774 65.419
6.89006 65.4229
6.89296 65.4281
6.89528 65.4326
6.8976 65.4374
6.90049 65.4437
6.90281 65.4491
6.90512 65.4547
6.90802 65.462
6.91033 65.4681
6.91264 65.4744
6.91553 65.4826
6.91784 65.4894
6.92016 65.4964
6.92304 65.5053
6.92535 65.5126
6.92767 65.52
6.93055 65.5294
6.93286 65.537
6.93517 65.5447
6.93806 65.5542
6.94037 65.5618
6.94268 65.5693
6.94557 65.5785
6.94788 65.5858
6.9502 65.5929
6.95251 65.5999
6.9554 65.6085
6.95771 65.6152
6.96003 65.6217
6.96292 65.6296
6.96524 65.6357
6.96755 65.6417
6.97045 65.649
6.97277 65.6546
6.97508 65.6599
6.97798 65.6664
6.9803 65.6713
6.98261 65.676
6.98551 65.6815
6.98783 65.6856
6.99014 65.6896
6.99304 65.6942
6.99536 65.6977
6.99768 65.701
7 65.7042
7.0029 65.7079
7.00523 65.7107
7.00755 65.7134
7.01046 65.7165
7.01278 65.7189
7.0151 65.7211
7.018 65.7238
7.02032 65.7259
7.02264 65.7278
7.02554 65.7302
7.02785 65.7321
7.03017 65.7339
7.03306 65.7363
7.03538 65.7382
7.03769 65.7401
7.04 65.742
7.04289 65.7445
7.04521 65.7464
7.04752 65.7482
7.05041 65.7504
7.05272 65.752
7.05503 65.7535
7.05792 65.7551
7.06023 65.7562
7.06255 65.757
7.06544 65.7579
7.06775 65.7583
7.07006 65.7585
7.07296 65.7585
7.07527 65.7583
7.07759 65.7579
7.08048 65.7571
7.0828 65.7563
7.08512 65.7553
7.08801 65.7539
7.09034 65.7526
7.09266 65.7513
7.09556 65.7495
7.09788 65.748
7.10021 65.7466
7.10253 65.7451
7.10544 65.7434
7.10777 65.7421
7.1101 65.7408
7.113 65.7394
7.11533 65.7385
7.11765 65.7377
7.12056 65.7369
7.12288 65.7366
7.1252 65.7365
7.12753 65.7366
7.13043 65.7372
7.13275 65.7379
7.13508 65.739
7.13798 65.7407
7.1403 65.7424
7.14262 65.7444
7.14552 65.7473
7.14784 65.7499
7.15015 65.7528
7.15305 65.7568
7.15537 65.7602
7.15768 65.7638
7.16058 65.7687
7.16289 65.7728
7.16521 65.7771
7.16752 65.7815
7.17041 65.7872
7.17273 65.7919
7.17504 65.7966
7.17793 65.8025
7.18025 65.8072
7.18256 65.8119
7.18546 65.8176
7.18778 65.8221
7.19009 65.8264
7.19299 65.8315
7.19531 65.8354
7.19763 65.8391
7.20053 65.8433
7.20285 65.8465
7.20517 65.8493
7.20808 65.8526
7.2104 65.8549
7.21273 65.857
7.21506 65.8589
7.21796 65.8609
7.22029 65.8623
7.22261 65.8636
7.22551 65.865
7.22783 65.8659
7.23015 65.8668
7.23305 65.8677
7.23536 65.8684
7.23768 65.869
7.24057 65.8697
7.24289 65.8702
7.2452 65.8707
7.24751 65.8712
7.2504 65.8719
7.25272 65.8724
7.25503 65.873
7.25792 65.8738
7.26023 65.8745
7.26254 65.8752
7.26543 65.8762
7.26774 65.8771
7.27005 65.8781
7.27294 65.8794
7.27525 65.8806
7.27757 65.8818
7.28046 65.8835
7.28277 65.8849
7.28508 65.8864
7.28798 65.8884
7.29029 65.8902
7.29261 65.892
7.29551 65.8944
7.29782 65.8964
7.30014 65.8985
7.30304 65.9013
7.30536 65.9036
7.30768 65.9059
7.31 65.9083
7.3129 65.9113
7.31522 65.9139
7.31754 65.9164
7.32044 65.9197
7.32276 65.9223
7.32509 65.9249
7.32799 65.9282
7.33031 65.9308
7.33263 65.9334
7.33554 65.9366
7.33786 65.9391
7.34017 65.9415
7.34307 65.9445
7.34539 65.9467
7.34771 65.9488
7.35002 65.9508
7.35292 65.953
7.35523 65.9546
7.35754 65.9561
7.36044 65.9577
7.36275 65.9587
7.36506 65.9596
7.36795 65.9604
7.37027 65.9608
7.37258 65.9611
7.37547 65.9613
7.37779 65.9612
7.3801 65.961
7.38299 65.9607
7.38531 65.9603
7.38762 65.9598
7.39051 65.9591
7.39283 65.9585
7.39515 65.9578
7.39805 65.957
7.40036 65.9564
7.40268 65.9557
7.40501 65.9551
7.40791 65.9544
7.41023 65.9539
7.41256 65.9534
7.41546 65.9529
7.41778 65.9526
7.4201 65.9524
7.423 65.9522
7.42532 65.9522
7.42764 65.9522
7.43054 65.9524
7.43285 65.9526
7.43517 65.953
7.43806 65.9534
7.44037 65.9539
7.44268 65.9543
7.44557 65.955
7.44788 65.9555
7.45019 65.956
7.4525 65.9565
7.45539 65.9571
7.4577 65.9576
7.46001 65.9581
7.4629 65.9586
7.46521 65.959
7.46752 65.9594
7.47041 65.9599
7.47272 65.9604
7.47503 65.9609
7.47792 65.9615
7.48023 65.9621
7.48255 65.9627
7.48544 65.9635
7.48775 65.9642
7.49007 65.9649
7.49297 65.9658
7.49528 65.9665
7.4976 65.9671
7.5005 65.968
7.50281 65.9686
7.50513 65.9692
7.50803 65.97
7.51035 65.9705
7.51267 65.971
7.51557 65.9717
7.51789 65.9721
7.52021 65.9726
7.52253 65.9731
7.52543 65.9737
7.52776 65.9742
7.53008 65.9747
7.53299 65.9754
7.53532 65.976
7.53764 65.9767
7.54054 65.9776
7.54286 65.9785
7.54518 65.9794
7.54808 65.9806
7.55039 65.9817
7.55271 65.9829
7.55502 65.984
7.55792 65.9857
7.56023 65.987
7.56254 65.9885
7.56543 65.9905
7.56775 65.9921
7.57006 65.9939
7.57295 65.9961
7.57526 65.9978
7.57757 65.9997
7.58046 66.0019
7.58278 66.0037
7.58509 66.0054
7.58798 66.0076
7.59029 66.0092
7.59261 66.0107
7.5955 66.0125
7.59781 66.0138
7.60013 66.015
7.60303 66.0163
7.60534 66.0172
7.60766 66.018
7.61056 66.0188
7.61289 66.0194
7.61521 66.0198
7.61753 66.0201
7.62044 66.0203
7.62276 66.0204
7.62509 66.0204
7.628 66.0204
7.63032 66.0203
7.63264 66.0201
7.63555 66.02
7.63787 66.0198
7.6402 66.0197
7.64252 66.0196
7.64543 66.0195
7.64775 66.0196
7.65008 66.0197
7.65298 66.02
7.6553 66.0204
7.65762 66.0209
7.66052 66.0218
7.66284 66.0227
7.66515 66.0237
7.66805 66.0253
7.67037 66.0267
7.67268 66.0284
7.67558 66.0307
7.67789 66.0328
7.68021 66.035
7.68252 66.0375
7.68542 66.0407
7.68773 66.0435
7.69005 66.0464
7.69294 66.0502
7.69526 66.0533
7.69757 66.0564
7.70047 66.0603
7.70278 66.0634
7.7051 66.0665
7.708 66.0701
7.71032 66.0728
7.71264 66.0754
7.71554 66.0783
7.71787 66.0803
7.72019 66.082
7.72252 66.0834
7.72543 66.0847
7.72775 66.0853
7.73008 66.0856
7.73299 66.0854
7.73531 66.0849
7.73763 66.084
7.74053 66.0825
7.74285 66.0809
7.74517 66.0791
7.74806 66.0764
7.75038 66.0741
7.75269 66.0715
7.75501 66.0689
7.7579 66.0655
7.76021 66.0627
7.76252 66.06
7.76541 66.0565
7.76773 66.0539
7.77004 66.0513
7.77292 66.0482
7.77524 66.046
7.77755 66.0438
7.78044 66.0413
7.78275 66.0395
7.78506 66.0379
7.78795 66.036
7.79026 66.0346
7.79257 66.0333
7.79547 66.0318
7.79778 66.0307
7.8001 66.0296
7.80299 66.0282
7.80531 66.0271
7.80763 66.026
7.81053 66.0245
7.81285 66.0232
7.81517 66.0218
7.81807 66.02
7.82039 66.0184
7.82271 66.0167
7.82504 66.0149
7.82794 66.0125
7.83026 66.0105
7.83259 66.0085
7.83549 66.0058
7.83781 66.0037
7.84013 66.0016
7.84303 65.9989
7.84535 65.9969
7.84767 65.9949
7.85056 65.9926
7.85287 65.991
7.85519 65.9895
7.8575 65.9882
7.8604 65.9869
7.86271 65.9862
7.86502 65.9858
7.86791 65.9856
7.87023 65.9858
7.87254 65.9864
7.87543 65.9874
7.87774 65.9886
7.88006 65.9901
7.88295 65.9924
7.88527 65.9944
7.88758 65.9968
7.89048 66
7.89279 66.0028
7.89511 66.0058
7.89801 66.0096
7.90033 66.0128
7.90265 66.016
7.90556 66.02
7.90788 66.0231
7.91021 66.0262
7.91253 66.0291
7.91543 66.0326
7.91775 66.0352
7.92007 66.0375
7.92297 66.0401
7.92528 66.0418
7.9276 66.0433
7.93049 66.0448
7.9328 66.0456
7.93511 66.0462
7.938 66.0465
7.94032 66.0465
7.94263 66.0462
7.94551 66.0456
7.94782 66.0449
7.95013 66.0441
7.95302 66.0429
7.95533 66.0418
7.95764 66.0407
7.96053 66.0394
7.96284 66.0384
7.96515 66.0374
7.96804 66.0364
7.97035 66.0357
7.97266 66.0352
7.97556 66.0348
7.97787 66.0347
7.98019 66.0349
7.9825 66.0353
7.9854 66.0361
7.98772 66.0371
7.99003 66.0383
7.99293 66.0401
7.99525 66.0419
7.99757 66.0438
8.00047 66.0466
8.00279 66.0491
8.00511 66.0518
8.00802 66.0553
8.01034 66.0582
8.01267 66.0613
8.01557 66.0652
8.0179 66.0683
8.02022 66.0715
8.02254 66.0746
8.02545 66.0785
8.02777 66.0815
8.03008 66.0845
8.03298 66.088
8.0353 66.0906
8.03761 66.0932
8.0405 66.0961
8.04282 66.0982
8.04513 66.1002
8.04802 66.1024
8.05033 66.1039
8.05264 66.1053
8.05553 66.1068
8.05785 66.1077
8.06016 66.1085
8.06305 66.1093
8.06536 66.1098
8.06767 66.1101
8.07056 66.1104
8.07288 66.1105
8.07519 66.1106
8.07751 66.1106
8.0804 66.1105
8.08272 66.1104
8.08504 66.1103
8.08794 66.1101
8.09026 66.11
8.09258 66.1098
8.09549 66.1097
8.09781 66.1095
8.10014 66.1094
8.10305 66.1092
8.10537 66.109
8.1077 66.1089
8.11002 66.1086
8.11293 66.1083
8.11525 66.108
8.11758 66.1075
8.12048 66.1069
8.12281 66.1062
8.12513 66.1054
8.12803 66.1041
8.13036 66.103
8.13268 66.1016
8.13557 66.0997
8.13789 66.0979
8.14021 66.096
8.14253 66.0938
8.14542 66.0909
8.14774 66.0883
8.15005 66.0855
8.15295 66.0818
8.15526 66.0787
8.15758 66.0755
8.16047 66.0713
8.16279 66.0678
8.1651 66.0643
8.168 66.06
8.17031 66.0565
8.17263 66.053
8.17553 66.0489
8.17785 66.0457
8.18017 66.0426
8.18307 66.039
8.18539 66.0363
8.18771 66.0338
8.19004 66.0316
8.19295 66.029
8.19527 66.0273
8.1976 66.0258
8.20051 66.0244
8.20283 66.0236
8.20516 66.023
8.20806 66.0228
8.21038 66.0229
8.2127 66.0233
8.21501 66.024
8.21791 66.0251
8.22022 66.0262
8.22254 66.0276
8.22543 66.0294
8.22774 66.031
8.23006 66.0327
8.23295 66.0348
8.23526 66.0365
8.23757 66.0382
8.24046 66.0402
8.24277 66.0416
8.24508 66.0429
8.24797 66.0443
8.25028 66.0451
8.25259 66.0458
8.25548 66.0462
8.25779 66.0463
8.26011 66.0461
8.263 66.0455
8.26532 66.0448
8.26763 66.0437
8.27053 66.0421
8.27285 66.0406
8.27516 66.0388
8.27806 66.0364
8.28039 66.0343
8.28271 66.0322
8.28503 66.0299
8.28793 66.027
8.29026 66.0247
8.29258 66.0224
8.29549 66.0196
8.29781 66.0174
8.30013 66.0153
8.30304 66.0128
8.30536 66.011
8.30767 66.0094
8.31057 66.0077
8.31289 66.0065
8.3152 66.0056
8.31752 66.0048
8.32041 66.0042
8.32272 66.0038
8.32504 66.0037
8.32793 66.0037
8.33024 66.0038
8.33255 66.0041
8.33544 66.0045
8.33776 66.0049
8.34007 66.0053
8.34296 66.0058
8.34528 66.0063
8.34759 66.0067
8.35049 66.0072
8.35281 66.0075
8.35512 66.0078
8.35802 66.0082
8.36034 66.0084
8.36266 66.0086
8.36557 66.0088
8.36789 66.009
8.37022 66.0092
8.37254 66.0096
8.37545 66.0101
8.37777 66.0107
8.38009 66.0114
8.38298 66.0126
8.3853 66.0137
8.38761 66.0151
8.39051 66.0171
8.39282 66.0189
8.39513 66.021
8.39802 66.024
8.40033 66.0266
8.40265 66.0295
8.40553 66.0333
8.40784 66.0366
8.41015 66.0401
8.41304 66.0446
8.41535 66.0483
8.41766 66.052
8.42055 66.0567
8.42286 66.0605
8.42517 66.0641
8.42806 66.0683
8.43037 66.0715
8.43268 66.0744
8.43557 66.0777
8.43789 66.08
8.4402 66.0821
8.44252 66.0838
8.44542 66.0855
8.44773 66.0864
8.45005 66.087
8.45295 66.0872
8.45527 66.087
8.45759 66.0863
8.46049 66.085
8.46281 66.0836
8.46513 66.0817
8.46804 66.079
8.47036 66.0764
8.47269 66.0736
8.47501 66.0704
8.47792 66.0662
8.48025 66.0627
8.48257 66.059
8.48547 66.0543
8.4878 66.0504
8.49012 66.0466
8.49301 66.042
8.49533 66.0384
8.49765 66.035
8.50054 66.031
8.50286 66.0281
8.50517 66.0254
8.50806 66.0224
8.51037 66.0204
8.51269 66.0187
8.515 66.0172
8.51789 66.0159
8.5202 66.0151
8.52252 66.0147
8.52541 66.0144
8.52772 66.0145
8.53003 66.0147
8.53292 66.0153
8.53524 66.0159
8.53755 66.0166
8.54045 66.0176
8.54276 66.0185
8.54508 66.0193
8.54798 66.0203
8.5503 66.0211
8.55262 66.0218
8.55552 66.0225
8.55785 66.023
8.56017 66.0234
8.56308 66.0236
8.56541 66.0236
8.56773 66.0235
8.57006 66.0233
8.57297 66.0228
8.57529 66.0222
8.57762 66.0215
8.58052 66.0204
8.58285 66.0195
8.58518 66.0184
8.58808 66.0169
8.5904 66.0157
8.59273 66.0143
8.59505 66.0129
8.59795 66.011
8.60027 66.0095
8.60258 66.0078
8.60548 66.0057
8.6078 66.0039
8.61011 66.0021
8.61301 65.9996
8.61532 65.9976
8.61764 65.9954
8.62054 65.9926
8.62285 65.9902
8.62517 65.9877
8.62806 65.9843
8.63038 65.9815
8.6327 65.9785
8.63501 65.9754
8.63791 65.9712
8.64023 65.9678
8.64255 65.9641
8.64546 65.9594
8.64778 65.9555
8.6501 65.9515
8.65301 65.9464
8.65534 65.9422
8.65766 65.938
8.66057 65.9327
8.6629 65.9285
8.66523 65.9243
8.66756 65.9203
8.67046 65.9154
8.67278 65.9117
8.6751 65.9081
8.678 65.904
8.68032 65.9011
8.68264 65.8984
8.68553 65.8955
8.68785 65.8936
8.69016 65.892
8.69305 65.8906
8.69537 65.8899
8.69768 65.8897
8.70057 65.8899
8.70288 65.8906
8.70519 65.8916
8.7075 65.893
8.71039 65.8953
8.7127 65.8975
8.71502 65.9001
8.71791 65.9036
8.72022 65.9067
8.72253 65.91
8.72542 65.9144
8.72774 65.9179
8.73005 65.9216
8.73295 65.9261
8.73526 65.9296
8.73758 65.933
8.74048 65.937
8.7428 65.94
8.74512 65.9427
8.74802 65.9457
8.75034 65.9478
8.75267 65.9495
8.75557 65.9511
8.75789 65.9519
8.76022 65.9524
8.76254 65.9525
8.76545 65.9521
8.76778 65.9513
8.7701 65.9503
8.77301 65.9485
8.77533 65.9468
8.77766 65.9448
8.78056 65.942
8.78288 65.9396
8.7852 65.9371
8.78751 65.9345
8.79041 65.9311
8.79273 65.9284
8.79504 65.9256
8.79793 65.9223
8.80024 65.9197
8.80256 65.9172
8.80545 65.9142
8.80776 65.9119
8.81007 65.9098
8.81296 65.9075
8.81527 65.9057
8.81759 65.9042
8.82048 65.9026
8.8228 65.9015
8.82511 65.9006
8.82801 65.8998
8.83033 65.8993
8.83265 65.8991
8.83555 65.8991
8.83787 65.8993
8.84019 65.8997
8.84252 65.9003
8.84542 65.9014
8.84775 65.9024
8.85008 65.9036
8.85298 65.9054
8.85531 65.9071
8.85763 65.9089
8.86053 65.9115
8.86285 65.9138
8.86516 65.9162
8.86806 65.9195
8.87038 65.9223
8.87269 65.9253
8.875 65.9285
8.87789 65.9327
8.88021 65.9362
8.88252 65.9398
8.88541 65.9445
8.88772 65.9484
8.89003 65.9524
8.89292 65.9575
8.89523 65.9615
8.89754 65.9656
8.90043 65.9706
8.90274 65.9745
8.90505 65.9782
8.90793 65.9827
8.91025 65.986
8.91256 65.989
8.91545 65.9924
8.91776 65.9947
8.92008 65.9966
8.92297 65.9984
8.92528 65.9994
8.9276 65.9999
8.9305 65.9998
8.93282 65.9992
8.93514 65.9982
8.93804 65.9962
8.94036 65.9941
8.94268 65.9915
8.94501 65.9886
8.94791 65.9844
8.95024 65.9807
8.95257 65.9767
8.95548 65.9714
8.9578 65.967
8.96013 65.9625
8.96304 65.9567
8.96537 65.952
8.96769 65.9474
8.97001 65.9429
8.97291 65.9375
8.97523 65.9333
8.97755 65.9293
8.98045 65.9247
8.98276 65.9214
8.98508 65.9184
8.98797 65.915
8.99028 65.9127
8.9926 65.9108
8.99549 65.9089
8.9978 65.9077
9.00012 65.9069
9.00301 65.9064
9.00532 65.9063
9.00763 65.9064
9.01053 65.907
9.01284 65.9076
9.01515 65.9084
9.01805 65.9096
9.02036 65.9106
9.02268 65.9116
9.02557 65.9129
9.02789 65.9138
9.03021 65.9147
9.03253 65.9154
9.03543 65.9162
9.03775 65.9166
9.04007 65.9169
9.04298 65.9169
9.0453 65.9168
9.04763 65.9164
9.05054 65.9158
9.05287 65.915
9.0552 65.9141
9.05752 65.9131
9.06043 65.9115
9.06276 65.9101
9.06509 65.9086
9.068 65.9065
9.07032 65.9047
9.07265 65.9028
9.07556 65.9003
9.07789 65.8982
9.08021 65.8959
9.08253 65.8936
9.08544 65.8905
9.08776 65.8878
9.09008 65.8851
9.09298 65.8814
9.0953 65.8784
9.09762 65.8752
9.10051 65.8709
9.10283 65.8673
9.10515 65.8636
9.10805 65.8587
9.11036 65.8545
9.11268 65.8502
9.11558 65.8446
9.11789 65.8399
9.12021 65.8351
9.12253 65.8302
9.12543 65.824
9.12775 65.8189
9.13007 65.8137
9.13297 65.8074
9.13529 65.8023
9.13761 65.7973
9.14051 65.7913
9.14284 65.7866
9.14516 65.7822
9.14807 65.7769
9.15039 65.773
9.15272 65.7695
9.15505 65.7662
9.15796 65.7628
9.16029 65.7605
9.16262 65.7587
9.16553 65.7572
9.16785 65.7565
9.17018 65.7563
9.17308 65.7569
9.1754 65.7579
9.17772 65.7595
9.18004 65.7615
9.18293 65.7646
9.18525 65.7676
9.18757 65.771
9.19046 65.7756
9.19277 65.7796
9.19509 65.7838
9.19798 65.7893
9.20029 65.7937
9.20261 65.7981
9.2055 65.8036
9.20781 65.8079
9.21012 65.812
9.21301 65.8168
9.21532 65.8203
9.21764 65.8236
9.22053 65.8271
9.22284 65.8295
9.22515 65.8314
9.22805 65.8333
9.23036 65.8343
9.23268 65.8348
9.23557 65.8349
9.23789 65.8345
9.24021 65.8338
9.24252 65.8327
9.24542 65.8309
9.24774 65.8291
9.25006 65.8272
9.25297 65.8245
9.25529 65.8221
9.25761 65.8197
9.26052 65.8166
9.26285 65.8141
9.26517 65.8117
9.26808 65.8087
9.27041 65.8064
9.27274 65.8043
9.27506 65.8023
9.27797 65.8001
9.28029 65.7986
9.28262 65.7973
9.28552 65.7959
9.28784 65.7951
9.29016 65.7945
9.29305 65.794
9.29537 65.7938
9.29769 65.7939
9.30001 65.7941
9.3029 65.7946
9.30522 65.7952
9.30753 65.7959
9.31043 65.797
9.31274 65.798
9.31506 65.7991
9.31795 65.8006
9.32027 65.8019
9.32258 65.8033
9.32548 65.8051
9.32779 65.8067
9.33011 65.8083
9.33301 65.8105
9.33533 65.8124
9.33764 65.8144
9.34054 65.8171
9.34286 65.8195
9.34519 65.822
9.34751 65.8246
9.35041 65.8282
9.35274 65.8312
9.35506 65.8344
9.35797 65.8387
9.3603 65.8423
9.36262 65.846
9.36553 65.8509
9.36786 65.8549
9.37018 65.8589
9.37308 65.8641
9.3754 65.8683
9.37772 65.8725
9.38004 65.8766
9.38293 65.8816
9.38525 65.8855
9.38756 65.8892
9.39045 65.8934
9.39277 65.8965
9.39508 65.8993
9.39797 65.9023
9.40028 65.9042
9.40259 65.9057
9.40548 65.9069
9.40779 65.9073
9.4101 65.9074
9.41299 65.9067
9.4153 65.9057
9.41761 65.9043
9.4205 65.902
9.42281 65.8997
9.42512 65.8971
9.42801 65.8934
9.43033 65.8902
9.43264 65.8868
9.43553 65.8823
9.43785 65.8787
9.44016 65.875
9.44306 65.8704
9.44537 65.8668
9.44769 65.8633
9.45001 65.86
9.45291 65.8561
9.45523 65.8532
9.45755 65.8506
9.46045 65.8478
9.46278 65.8459
9.4651 65.8443
9.46801 65.8427
9.47033 65.8419
9.47266 65.8414
9.47557 65.8413
9.4779 65.8415
9.48023 65.8421
9.48256 65.8429
9.48547 65.8443
9.4878 65.8457
9.49012 65.8473
9.49302 65.8495
9.49535 65.8514
9.49767 65.8534
9.50057 65.8559
9.50289 65.8579
9.50521 65.86
9.50752 65.8619
9.51042 65.8642
9.51274 65.8659
9.51505 65.8674
9.51795 65.869
9.52026 65.8701
9.52257 65.871
9.52547 65.8717
9.52778 65.872
9.5301 65.872
9.53299 65.8717
9.5353 65.8711
9.53762 65.8702
9.54051 65.8688
9.54282 65.8673
9.54514 65.8655
9.54803 65.863
9.55035 65.8607
9.55267 65.8582
9.55556 65.8547
9.55788 65.8517
9.5602 65.8486
9.56252 65.8452
9.56542 65.8409
9.56774 65.8373
9.57006 65.8335
9.57297 65.8287
9.57529 65.8248
9.57762 65.8208
9.58053 65.8158
9.58286 65.8117
9.58519 65.8076
9.58752 65.8035
9.59043 65.7984
9.59276 65.7943
9.59509 65.7902
9.598 65.7851
9.60033 65.7811
9.60266 65.7771
9.60557 65.7722
9.6079 65.7683
9.61023 65.7645
9.61255 65.7608
9.61546 65.7562
9.61779 65.7527
9.62012 65.7493
9.62302 65.7451
9.62534 65.7419
9.62767 65.7388
9.63057 65.7351
9.63289 65.7324
9.63521 65.7298
9.63753 65.7274
9.64043 65.7247
9.64275 65.7227
9.64507 65.721
9.64797 65.719
9.65029 65.7177
9.65261 65.7166
9.6555 65.7156
9.65782 65.715
9.66014 65.7146
9.66304 65.7144
9.66536 65.7146
9.66768 65.7149
9.67058 65.7157
9.6729 65.7165
9.67522 65.7175
9.67754 65.7187
9.68044 65.7204
9.68277 65.7219
9.68509 65.7235
9.68799 65.7256
9.69032 65.7274
9.69265 65.7291
9.69556 65.7313
9.69788 65.7329
9.70021 65.7344
9.70254 65.7358
9.70546 65.7372
9.70779 65.7382
9.71012 65.7388
9.71304 65.7393
9.71537 65.7394
9.71769 65.7392
9.72002 65.7388
9.72293 65.7378
9.72525 65.7367
9.72757 65.7354
9.73048 65.7334
9.7328 65.7315
9.73512 65.7295
9.73802 65.7267
9.74033 65.7244
9.74265 65.722
9.74555 65.719
9.74786 65.7165
9.75018 65.7141
9.75307 65.7112
9.75538 65.709
9.7577 65.707
9.76001 65.7051
9.7629 65.703
9.76522 65.7016
9.76753 65.7005
9.77042 65.6994
9.77273 65.6988
9.77505 65.6984
9.77794 65.6984
9.78025 65.6986
9.78257 65.6991
9.78546 65.7
9.78777 65.7009
9.79009 65.7021
9.79298 65.7037
9.7953 65.7052
9.79762 65.7067
9.80051 65.7087
9.80283 65.7104
9.80515 65.7121
9.80805 65.7142
9.81037 65.7158
9.81269 65.7175
9.81501 65.719
9.81792 65.7209
9.82024 65.7224
9.82257 65.7238
9.82548 65.7256
9.82781 65.7269
9.83014 65.7282
9.83305 65.7298
9.83538 65.7312
9.83771 65.7325
9.84003 65.7339
9.84294 65.7357
9.84527 65.7372
9.84759 65.7388
9.85049 65.741
9.85281 65.7428
9.85513 65.7448
9.85803 65.7474
9.86035 65.7496
9.86267 65.752
9.86557 65.755
9.86789 65.7575
9.87021 65.7602
9.87252 65.7629
9.87542 65.7663
9.87774 65.7691
9.88005 65.7717
9.88295 65.7748
9.88526 65.7771
9.88758 65.7792
9.89048 65.7816
9.89279 65.7833
9.89511 65.7848
9.89801 65.7864
9.90033 65.7875
9.90264 65.7884
9.90554 65.7891
9.90786 65.7895
9.91018 65.7895
9.9125 65.7894
9.9154 65.7888
9.91773 65.7881
9.92005 65.7872
9.92295 65.7857
9.92528 65.7842
9.92761 65.7826
9.93051 65.7804
9.93284 65.7785
9.93517 65.7766
9.93808 65.7741
9.94041 65.772
9.94273 65.77
