#t,ms p
0.003 0.0427
0.005 0.0427
0.008 0.0427
0.01 0.0427
0.0129324 0.0427
0.0152784 0.0427
0.0176291 0.0427
0.0205694 0.0427
0.0229245 0.0427
0.0252824 0.0427
0.0276402 0.0427
0.0305804 0.0427
0.0329326 0.0427
0.0352671 0.0427
0.0375956 0.0427
0.040494 0.0427
0.0427981 0.0427
0.0451022 0.0427
0.0479388 0.0427
0.0502082 0.0427
0.0530041 0.0427
0.0552327 0.0427
0.0579873 0.0427
0.0601743 0.0427
0.0628915 0.0427
0.0650454 0.0427
0.0677309 0.0427
0.0703885 0.0427
0.0725147 0.0427
0.0751435 0.0427
0.0777723 0.0427
0.0803793 0.0427
0.0829862 0.0427
0.0850594 0.0427
0.0876508 0.0427
0.090234 0.0427
0.0928152 0.0427
0.0953792 0.0427
0.0979388 0.0427
0.100475 0.0427
0.103006 0.0427
0.105016 0.0427
0.107524 0.0427
0.11002 0.0427
0.112509 0.0427
0.115485 0.0427
0.117961 0.0427
0.120429 0.0427
0.122896 0.0427
0.125358 0.0427
0.127819 0.0427
0.130279 0.0427
0.132739 0.0427
0.135199 0.0427
0.13766 0.0427
0.140113 0.0427
0.142564 0.0427
0.145009 0.0427
0.147941 0.0427
0.150379 0.0427
0.152817 0.0427
0.155251 0.0427
0.157686 0.0427
0.160119 0.0427
0.162553 0.0427
0.165473 0.0427
0.167908 0.0427
0.170344 0.0427
0.17278 0.0427
0.175219 0.0427
0.177658 0.0427
0.180096 0.0427
0.182534 0.0427
0.185458 0.0427
0.187895 0.0427
0.190332 0.0427
0.192769 0.0427
0.195206 0.0427
0.197644 0.0427
0.200084 0.0427
0.202524 0.0427
0.205454 0.0427
0.207897 0.0427
0.210342 0.0427
0.212788 0.0427
0.215236 0.0427
0.217684 0.0427
0.220132 0.0427
0.222581 0.0427
0.225029 0.0427
0.227969 0.0427
0.23042 0.0427
0.232872 0.0427
0.235324 0.0427
0.237778 0.0427
0.240232 0.0427
0.242687 0.0427
0.245143 0.0427
0.247601 0.0427
0.250059 0.0427
0.252517 0.0427
0.255468 0.0427
0.257927 0.0427
0.260387 0.0427
0.262847 0.0427
0.265308 0.0427
0.267769 0.0427
0.27023 0.0427
0.272692 0.0427
0.275154 0.0427
0.277616 0.0427
0.280079 0.0427
0.282542 0.0427
0.285005 0.0427
0.287961 0.0427
0.290425 0.0427
0.292888 0.0427
0.295351 0.0427
0.297815 0.0427
0.300278 0.0427
0.302742 0.0427
0.305205 0.0427
0.307668 0.0427
0.310131 0.0427
0.312594 0.0427
0.315058 0.0427
0.317521 0.0427
0.320477 0.0427
0.322941 0.0427
0.325404 0.0427
0.327867 0.0427
0.33033 0.0427
0.332793 0.0427
0.335256 0.0427
0.337719 0.0427
0.340182 0.0427
0.342644 0.0427
0.345107 0.0427
0.347569 0.0427
0.350032 0.0427
0.352987 0.0427
0.355449 0.0427
0.357912 0.0427
0.360375 0.0427
0.362838 0.0427
0.365301 0.0427
0.367764 0.0427
0.370227 0.0427
0.372691 0.0427
0.375154 0.0427
0.377618 0.0427
0.380082 0.0427
0.382546 0.0427
0.38501 0.0427
0.387967 0.0427
0.390432 0.0427
0.392896 0.0427
0.395361 0.0427
0.397825 0.0427
0.40029 0.0427
0.402754 0.0427
0.405219 0.0427
0.407684 0.0427
0.410149 0.0427
0.412614 0.0427
0.41508 0.0427
0.417545 0.0427
0.42001 0.0427
0.422969 0.0427
0.425435 0.0427
0.4279 0.0427
0.430367 0.0427
0.432833 0.0427
0.4353 0.0427
0.437766 0.0427
0.440233 0.0427
0.4427 0.0427
0.445166 0.0427
0.447633 0.0427
0.4501 0.0427
0.452567 0.0427
0.455035 0.0427
0.457502 0.0427
0.460463 0.0427
0.462931 0.0427
0.465399 0.0427
0.467867 0.0427
0.470334 0.0427
0.472802 0.0427
0.475269 0.0427
0.477736 0.0427
0.480203 0.0427
0.48267 0.0427
0.485137 0.0427
0.487604 0.0427
0.490071 0.0427
0.492538 0.0427
0.495005 0.0427
0.497965 0.0427
0.500431 0.0427
0.502898 0.0427
0.505364 0.0427
0.50783 0.0427
0.510296 0.0427
0.512761 0.0427
0.515227 0.0427
0.517693 0.0427
0.520158 0.0427
0.522624 0.0427
0.525089 0.0427
0.527554 0.0427
0.530019 0.0427
0.532976 0.0427
0.53544 0.0427
0.537904 0.0427
0.540368 0.0427
0.542831 0.0427
0.545294 0.0427
0.547757 0.0427
0.55022 0.0427
0.552682 0.0427
0.555143 0.0427
0.557605 0.0427
0.560066 0.0427
0.562527 0.0427
0.56548 0.0427
0.56794 0.0427
0.5704 0.0427
0.57286 0.0427
0.57532 0.0427
0.577779 0.0427
0.580238 0.0427
0.582696 0.0427
0.585154 0.0427
0.587611 0.0427
0.590068 0.0427
0.592525 0.0427
0.595472 0.0427
0.597928 0.0427
0.600383 0.0427
0.602838 0.0427
0.605293 0.0427
0.607747 0.0427
0.6102 0.0427
0.612653 0.0427
0.615106 0.0427
0.617558 0.0427
0.62001 0.0427
0.622952 0.0427
0.625403 0.0427
0.627854 0.0427
0.630304 0.0427
0.632754 0.0427
0.635204 0.0427
0.637652 0.0427
0.640101 0.0427
0.642549 0.0427
0.645486 0.0427
0.647933 0.0427
0.650379 0.0427
0.652825 0.0427
0.65527 0.0427
0.657715 0.0427
0.660159 0.0427
0.662603 0.0427
0.665047 0.0427
0.667978 0.0427
0.67042 0.0427
0.672862 0.0427
0.675304 0.0427
0.677745 0.0427
0.680185 0.0427
0.682625 0.0427
0.685064 0.0427
0.687503 0.0427
0.690429 0.0427
0.692867 0.0427
0.695304 0.0427
0.697741 0.0427
0.700177 0.0427
0.702612 0.0427
0.705047 0.0427
0.707968 0.0427
0.710402 0.0427
0.712835 0.0427
0.715267 0.0427
0.7177 0.0427
0.720131 0.0427
0.722562 0.0427
0.725477 0.0427
0.727907 0.0427
0.730336 0.0427
0.732764 0.0427
0.735192 0.0427
0.737619 0.0427
0.740045 0.0427
0.742957 0.0427
0.745382 0.0427
0.747807 0.0427
0.75023 0.0427
0.752654 0.0427
0.755076 0.0427
0.757982 0.0427
0.760403 0.0427
0.762822 0.0427
0.765241 0.0427
0.767658 0.0427
0.770075 0.0427
0.772973 0.0427
0.775388 0.0427
0.777801 0.0427
0.780214 0.0427
0.782625 0.0427
0.785035 0.0427
0.787926 0.0427
0.790334 0.0427
0.792739 0.0427
0.795145 0.0427
0.797548 0.0427
0.800431 0.0427
0.802831 0.0427
0.805231 0.0427
0.807629 0.0426999
0.810027 0.0426993
0.812902 0.0426936
0.815296 0.0426692
0.817689 0.0423661
0.820081 0.041677
0.82295 0.00758244
0.825339 0.00762557
0.827728 0.00778154
0.830115 0.00777745
0.832501 0.00777542
0.835362 0.00777567
0.837745 0.0077758
0.840127 0.00777596
0.842508 0.00777666
0.845363 0.00778723
0.847741 0.00790618
0.850117 0.00921584
0.852968 0.0280904
0.855342 0.128364
0.857715 0.597958
0.860086 1.73449
0.86293 3.55801
0.865299 4.82087
0.867666 5.60045
0.870033 6.01103
0.872871 6.23778
0.875235 6.32161
0.877597 6.36374
0.880431 6.3905
0.882791 6.40272
0.88515 6.40732
0.887508 6.40533
0.890336 6.39836
0.892691 6.39285
0.895046 6.38987
0.897869 6.38976
0.900221 6.39148
0.902572 6.39367
0.905391 6.39573
0.907739 6.39654
0.910086 6.39657
0.912901 6.39602
0.915245 6.39544
0.917589 6.39498
0.920399 6.39465
0.922741 6.39449
0.92508 6.39437
0.927887 6.39417
0.930224 6.39397
0.932562 6.39378
0.935364 6.39363
0.937699 6.39363
0.940032 6.39378
0.94283 6.39415
0.945161 6.39461
0.947956 6.39531
0.950285 6.39602
0.952612 6.39683
0.955404 6.39792
0.957728 6.39894
0.960052 6.40003
0.962839 6.40143
0.965161 6.40264
0.967945 6.40413
0.970264 6.40539
0.972582 6.40665
0.975363 6.40818
0.977678 6.40948
0.980456 6.41107
0.98277 6.41245
0.985082 6.41388
0.987856 6.41569
0.990166 6.41726
0.992938 6.41924
0.995245 6.42094
0.997553 6.42268
1.00032 6.42481
1.00262 6.4266
1.00539 6.42874
1.00769 6.43053
1.01045 6.43267
1.01275 6.43441
1.01505 6.43609
1.01781 6.438
1.02011 6.43949
1.02286 6.4412
1.02516 6.44262
1.02791 6.44437
1.0302 6.44591
1.03295 6.44784
1.03524 6.44949
1.03753 6.45114
1.04027 6.45303
1.04256 6.4545
1.0453 6.45617
1.04759 6.45752
1.05033 6.45917
1.05261 6.46053
1.05535 6.46218
1.05763 6.46356
1.06036 6.46524
1.06264 6.4666
1.06537 6.4681
1.06765 6.46913
1.07038 6.4701
1.07265 6.47076
1.07538 6.47157
1.07765 6.47239
1.08038 6.47363
1.08264 6.47485
1.08537 6.4764
1.08763 6.47763
1.09035 6.47887
1.09262 6.47963
1.09533 6.48022
1.0976 6.48055
1.10031 6.48091
1.10257 6.48131
1.10528 6.48197
1.10754 6.48267
1.11025 6.48359
1.1125 6.48431
1.11521 6.485
1.11791 6.48539
1.12017 6.48547
1.12287 6.48531
1.12512 6.48503
1.12782 6.48458
1.13007 6.48416
1.13276 6.48355
1.13501 6.48292
1.1377 6.4819
1.14039 6.4805
1.14264 6.47902
1.14533 6.47694
1.14757 6.47503
1.15025 6.47272
1.15294 6.47062
1.15518 6.46916
1.15786 6.46791
1.1601 6.46729
1.16278 6.46709
1.16501 6.46724
1.16769 6.46752
1.17036 6.46765
1.17259 6.46727
1.17526 6.46593
1.17794 6.46349
1.18017 6.46103
1.18284 6.45814
1.18507 6.4563
1.18775 6.455
1.19043 6.45419
1.19267 6.45312
1.19535 6.45064
1.19758 6.44753
1.20027 6.4428
1.2025 6.43818
1.20519 6.43159
1.20788 6.42339
1.21012 6.41484
1.21281 6.40218
1.21505 6.38968
1.21774 6.37291
1.22043 6.35511
1.22268 6.34029
1.22537 6.32335
1.22762 6.3104
1.23032 6.29648
1.23257 6.2862
1.23527 6.27516
1.23752 6.26676
1.24022 6.25727
1.24292 6.24815
1.24517 6.24065
1.24788 6.23176
1.25013 6.22438
1.25284 6.2157
1.2551 6.20874
1.25781 6.20071
1.26007 6.19459
1.26278 6.18805
1.26504 6.18361
1.26776 6.17899
1.27002 6.17525
1.27274 6.1702
1.275 6.16492
1.27772 6.15685
1.28044 6.14637
1.28271 6.13606
1.28543 6.12242
1.2877 6.1108
1.29043 6.098
1.2927 6.08885
1.29543 6.07869
1.2977 6.06946
1.30043 6.05542
1.30271 6.0407
1.30544 6.01928
1.30772 5.99807
1.31045 5.96828
1.31273 5.93829
1.31501 5.90163
1.31775 5.84489
1.32003 5.78281
1.32277 5.6837
1.32506 5.57389
1.3278 5.39934
1.33008 5.20884
1.33283 4.91282
1.33512 4.59645
1.33786 4.1126
1.34015 3.6103
1.3429 2.88111
1.34519 2.20448
1.34794 1.4148
1.35024 0.874578
1.35253 0.512843
1.35528 0.278987
1.35758 0.182381
1.36033 0.124701
1.36263 0.100922
1.36539 0.0864488
1.36769 0.080364
1.37045 0.0766044
1.37275 0.0750038
1.37505 0.0741247
1.37781 0.0735701
1.38012 0.073326
1.38288 0.0731651
1.38518 0.0730885
1.38795 0.0730321
1.39026 0.0730004
1.39256 0.0729762
1.39533 0.0729542
1.39764 0.072938
1.40041 0.0729221
1.40272 0.0729105
1.40504 0.0728986
1.40781 0.0728914
1.41012 0.0728841
1.4129 0.0728843
1.41521 0.0728828
1.41753 0.0728755
1.42031 0.0729037
1.42262 0.170487
1.4254 0.277902
1.42772 0.337065
1.43004 0.37182
1.43283 0.396446
1.43515 0.408686
1.43793 0.417168
1.44025 0.421142
1.44258 0.423504
1.44536 0.425114
1.44769 0.42587
1.45001 0.426322
1.4528 0.426633
1.45513 0.426779
1.45792 0.42688
1.46025 0.426928
1.46258 0.426957
1.46538 0.426976
1.46771 0.426986
1.47004 0.426991
1.47284 0.426995
1.47517 0.426997
1.4775 0.426998
1.48031 0.426999
1.48264 0.426999
1.48545 0.427
1.48779 0.427
1.49013 0.427
1.49293 0.427
1.49528 0.427
1.49762 0.427
1.50043 0.427
1.50278 0.427
1.50513 0.427
1.50794 0.427
1.5103 0.427
1.51265 0.427
1.515 0.427
1.51783 0.427
1.52019 0.427
1.52255 0.427
1.52538 0.427
1.52775 0.427
1.53012 0.427
1.53297 0.427
1.53534 0.427
1.53772 0.427
1.5401 0.427
1.54297 0.427
1.54536 0.427
1.54775 0.427
1.55015 0.427
1.55255 0.427
1.55544 0.427
1.55785 0.427
1.56027 0.427
1.56269 0.427
1.56512 0.427
1.56755 0.427
1.57048 0.427
1.57293 0.427
1.57538 0.427
1.57784 0.427
1.58031 0.427
1.58278 0.427
1.58526 0.427
1.58775 0.427
1.59024 0.427
1.59274 0.427
1.59524 0.427
1.59776 0.427
1.60028 0.427
1.60281 0.427
1.60534 0.427
1.60789 0.427
1.61044 0.427
1.613 0.427
1.61505 0.427
1.61763 0.427
1.62021 0.427
1.62281 0.427
1.62541 0.427
1.6275 0.427
1.63012 0.427
1.63275 0.427
1.63539 0.427
1.6375 0.427
1.64016 0.427
1.64282 0.427
1.6455 0.427
1.64764 0.427
1.65034 0.427
1.65304 0.427
1.65521 0.427
1.65793 0.427
1.66011 0.427
1.66285 0.427
1.66505 0.427
1.6678 0.427
1.67001 0.427
1.67278 0.427
1.675 0.427
1.67779 0.427
1.68002 0.427
1.68282 0.427
1.68506 0.427
1.68788 0.427
1.69013 0.427
1.69296 0.427
1.69523 0.427
1.69807 0.427
1.70035 0.427
1.70263 0.427
1.7055 0.427
1.7078 0.427
1.7101 0.427
1.71299 0.427
1.7153 0.427
1.71763 0.427
1.72054 0.427
1.72287 0.427
1.72521 0.427
1.72756 0.427
1.7305 0.427
1.73285 0.427
1.7352 0.427
1.73755 0.427
1.74038 0.427
1.74265 0.427
1.74536 0.427
1.74803 0.427
1.7502 0.427
1.75291 0.427
1.75507 0.427
1.75774 0.427
1.76038 0.427
1.76298 0.427
1.76506 0.427
1.76768 0.427
1.77029 0.427
1.7729 0.427
1.77551 0.427
1.77758 0.427
1.78018 0.427
1.78281 0.427
1.78543 0.427
1.7875 0.427
1.7901 0.427
1.79275 0.427
1.79542 0.427
1.79754 0.427
1.80017 0.427
1.8028 0.427
1.80542 0.427
1.80752 0.427
1.81016 0.427
1.81279 0.427
1.81541 0.427
1.81751 0.427
1.82013 0.427
1.82276 0.427
1.82544 0.427
1.82759 0.427
1.83023 0.427
1.83288 0.427
1.83501 0.427
1.83768 0.427
1.84033 0.427
1.84297 0.427
1.84508 0.427
1.84771 0.427
1.85038 0.427
1.85253 0.427
1.85521 0.427
1.85789 0.427
1.86004 0.427
1.86273 0.427
1.86542 0.427
1.86754 0.427
1.8702 0.427
1.8729 0.427
1.87506 0.427
1.87775 0.427
1.88044 0.427
1.88259 0.427
1.88528 0.427
1.88798 0.427
1.89014 0.427
1.89283 0.427
1.89551 0.427
1.89765 0.427
1.90034 0.427
1.90302 0.427
1.90518 0.427
1.90787 0.427
1.91051 0.427
1.91263 0.427
1.91533 0.427
1.91803 0.427
1.92019 0.427
1.92288 0.427
1.92506 0.427
1.9278 0.427
1.93051 0.427
1.93263 0.427
1.9353 0.427
1.93798 0.427
1.94012 0.427
1.9428 0.427
1.94548 0.427
1.94764 0.427
1.95033 0.427
1.9525 0.427
1.95522 0.427
1.95793 0.427
1.96008 0.427
1.96278 0.427
1.96548 0.427
1.96763 0.427
1.9703 0.427
1.97298 0.427
1.97513 0.427
1.97782 0.427
1.9805 0.427
1.98264 0.427
1.98533 0.427
1.98801 0.427
1.99016 0.427
1.99285 0.427
1.995 0.427
1.9977 0.427
2.00039 0.427
2.00253 0.427
2.00521 0.427
2.00793 0.427
2.0101 0.427
2.0128 0.427
2.0155 0.427
2.01765 0.427
2.02033 0.427
2.02304 0.427
2.02521 0.427
2.02792 0.427
2.03009 0.427
2.03279 0.427
2.03549 0.427
2.03765 0.427
2.04033 0.427
2.04303 0.427
2.0452 0.427
2.04791 0.427
2.05008 0.427
2.0528 0.427
2.0555 0.427
2.05766 0.427
2.06037 0.427
2.06254 0.427
2.06525 0.427
2.06795 0.427
2.07011 0.427
2.07281 0.427
2.07552 0.427
2.07767 0.427
2.08036 0.427
2.08257 0.427
2.08533 0.427
2.08751 0.427
2.09022 0.427
2.09292 0.427
2.09508 0.427
2.09778 0.427
2.10048 0.427
2.10263 0.427
2.10533 0.427
2.10803 0.427
2.1102 0.427
2.11292 0.427
2.1151 0.427
2.11782 0.427
2.12053 0.427
2.12271 0.427
2.12542 0.427
2.12758 0.427
2.13028 0.427
2.13298 0.427
2.13514 0.427
2.13785 0.427
2.14002 0.427
2.14273 0.427
2.14543 0.427
2.1476 0.427
2.1503 0.427
2.153 0.427
2.15516 0.427
2.15786 0.427
2.16001 0.427
2.16271 0.427
2.16541 0.427
2.16758 0.427
2.17027 0.427
2.17297 0.427
2.17513 0.427
2.17784 0.427
2.1805 0.427
2.18263 0.427
2.18535 0.427
2.18754 0.427
2.19025 0.427
2.19296 0.427
2.19514 0.427
2.19787 0.427
2.20005 0.427
2.20272 0.427
2.20539 0.427
2.20753 0.427
2.21021 0.427
2.2129 0.427
2.21505 0.427
2.21773 0.427
2.22041 0.427
2.22257 0.427
2.22528 0.427
2.22797 0.427
2.23011 0.427
2.23279 0.427
2.23547 0.427
2.23763 0.427
2.24034 0.427
2.2425 0.427
2.24521 0.427
2.24791 0.427
2.25005 0.427
2.25272 0.427
2.2554 0.427
2.25754 0.427
2.26025 0.427
2.26297 0.427
2.26513 0.427
2.26782 0.427
2.2705 0.427
2.27264 0.427
2.27532 0.427
2.27801 0.427
2.28017 0.427
2.2829 0.427
2.28508 0.427
2.28777 0.427
2.29045 0.427
2.29259 0.427
2.29527 0.427
2.29797 0.427
2.30014 0.427
2.30283 0.427
2.30552 0.427
2.30767 0.427
2.31036 0.427
2.31252 0.427
2.31523 0.427
2.31794 0.427
2.3201 0.427
2.32281 0.427
2.32552 0.427
2.32767 0.427
2.3304 0.427
2.33259 0.427
2.33532 0.427
2.33802 0.427
2.34019 0.427
2.3429 0.427
2.34507 0.427
2.34778 0.427
2.35049 0.427
2.35264 0.427
2.35534 0.427
2.35803 0.427
2.36018 0.427
2.36288 0.427
2.36503 0.427
2.36775 0.427
2.37051 0.427
2.3727 0.427
2.3754 0.427
2.37756 0.427
2.38029 0.427
2.38301 0.427
2.38521 0.427
2.38795 0.427
2.39012 0.427
2.39282 0.427
2.39501 0.427
2.39777 0.427
2.40051 0.427
2.40267 0.427
2.40538 0.427
2.40755 0.427
2.41027 0.427
2.41298 0.427
2.41515 0.427
2.41786 0.427
2.42003 0.427
2.42276 0.427
2.4255 0.427
2.42768 0.427
2.43039 0.427
2.43256 0.427
2.4353 0.427
2.43805 0.427
2.44024 0.427
2.44299 0.427
2.44516 0.427
2.44787 0.427
2.45007 0.427
2.45283 0.427
2.45502 0.427
2.45773 0.427
2.46047 0.427
2.46268 0.427
2.46544 0.427
2.46762 0.427
2.47035 0.427
2.47255 0.427
2.4753 0.427
2.47804 0.427
2.48023 0.427
2.48296 0.427
2.48515 0.427
2.48788 0.427
2.49007 0.427
2.49282 0.427
2.49502 0.427
2.49777 0.427
2.50051 0.427
2.5027 0.427
2.50543 0.427
2.50761 0.427
2.51033 0.427
2.51252 0.427
2.51525 0.427
2.51799 0.427
2.52018 0.427
2.52293 0.427
2.52512 0.427
2.52787 0.427
2.53007 0.427
2.5328 0.427
2.53554 0.427
2.53771 0.427
2.54043 0.427
2.54261 0.427
2.54534 0.427
2.54752 0.427
2.55023 0.427
2.55296 0.427
2.55515 0.427
2.5579 0.427
2.56008 0.427
2.5628 0.427
2.56553 0.427
2.5677 0.427
2.57042 0.427
2.5726 0.427
2.57532 0.427
2.57751 0.427
2.58024 0.427
2.58297 0.427
2.58516 0.427
2.58792 0.427
2.59014 0.427
2.59288 0.427
2.59507 0.427
2.5978 0.427
2.60054 0.427
2.60273 0.427
2.60547 0.427
2.60767 0.427
2.61042 0.427
2.61262 0.427
2.61538 0.427
2.61759 0.427
2.62033 0.427
2.62252 0.427
2.62527 0.427
2.62804 0.427
2.63024 0.427
2.63298 0.427
2.63517 0.427
2.63792 0.427
2.64013 0.427
2.64287 0.427
2.64506 0.427
2.64782 0.427
2.65003 0.427
2.65279 0.427
2.65552 0.427
2.65772 0.427
2.66046 0.427
2.66266 0.427
2.66539 0.427
2.66758 0.427
2.67032 0.427
2.6725 0.427
2.67526 0.427
2.67801 0.427
2.68021 0.427
2.68296 0.427
2.68516 0.427
2.68792 0.427
2.69013 0.427
2.69287 0.427
2.69506 0.427
2.69782 0.427
2.70003 0.427
2.70278 0.427
2.70553 0.427
2.70773 0.427
2.71048 0.427
2.7127 0.427
2.71549 0.427
2.71772 0.427
2.72047 0.427
2.72267 0.427
2.72541 0.427
2.72761 0.427
2.73035 0.427
2.73254 0.427
2.73528 0.427
2.73802 0.427
2.74021 0.427
2.74296 0.427
2.74517 0.427
2.74792 0.427
2.75013 0.427
2.75287 0.427
2.75506 0.427
2.75779 0.427
2.76052 0.427
2.76272 0.427
2.76547 0.427
2.76767 0.427
2.77042 0.427
2.77263 0.427
2.7754 0.427
2.77761 0.427
2.78038 0.427
2.78259 0.427
2.78534 0.427
2.78754 0.427
2.79029 0.427
2.79304 0.427
2.79523 0.427
2.79796 0.427
2.80014 0.427
2.80289 0.427
2.80509 0.427
2.80783 0.427
2.81002 0.427
2.81277 0.427
2.81552 0.427
2.81773 0.427
2.82049 0.427
2.8227 0.427
2.82547 0.427
2.82767 0.427
2.83041 0.427
2.8326 0.427
2.83536 0.427
2.83756 0.427
2.84032 0.427
2.84252 0.427
2.84528 0.427
2.84804 0.427
2.85024 0.427
2.853 0.427
2.85521 0.427
2.85798 0.427
2.86019 0.427
2.86295 0.427
2.86515 0.427
2.8679 0.427
2.87011 0.427
2.87286 0.427
2.87505 0.427
2.8778 0.427
2.88001 0.427
2.88277 0.427
2.88553 0.427
2.88774 0.427
2.89052 0.427
2.89274 0.427
2.89551 0.427
2.89772 0.427
2.90048 0.427
2.90268 0.427
2.90544 0.427
2.90765 0.427
2.91042 0.427
2.91264 0.427
2.91541 0.427
2.91762 0.427
2.92039 0.427
2.92261 0.427
2.92538 0.427
2.9276 0.427
2.93036 0.427
2.93257 0.427
2.93531 0.427
2.93751 0.427
2.94028 0.427
2.94305 0.427
2.94526 0.427
2.94801 0.427
2.95022 0.427
2.95299 0.427
2.95519 0.427
2.95795 0.427
2.96016 0.427
2.96293 0.427
2.96515 0.427
2.96791 0.427
2.97012 0.427
2.97288 0.427
2.97508 0.427
2.97785 0.427
2.98007 0.427
2.98285 0.427
2.98508 0.427
2.98787 0.427
2.99008 0.427
2.99285 0.427
2.99507 0.427
2.99785 0.427
3.00006 0.427
3.00281 0.427
3.00502 0.427
3.00778 0.427
3.01054 0.427
3.01275 0.427
3.01552 0.427
3.01776 0.427
3.02055 0.427
3.02277 0.427
3.02554 0.427
3.02776 0.427
3.03054 0.427
3.03276 0.427
3.03553 0.427
3.03774 0.427
3.04051 0.427
3.04272 0.427
3.04549 0.427
3.04771 0.427
3.05048 0.427
3.0527 0.427
3.05548 0.427
3.05771 0.427
3.06049 0.427
3.06271 0.427
3.06548 0.427
3.0677 0.427
3.07047 0.427
3.0727 0.427
3.07548 0.427
3.0777 0.427
3.08047 0.427
3.08269 0.427
3.08549 0.427
3.08772 0.427
3.0905 0.427
3.09272 0.427
3.09548 0.427
3.09769 0.427
3.10047 0.427
3.10269 0.427
3.10547 0.427
3.1077 0.427
3.11048 0.427
3.11269 0.427
3.11546 0.426997
3.11768 0.426993
3.12046 0.0767746
3.1227 0.0767361
3.1255 0.0767014
3.12772 0.0766644
3.13049 0.0766039
3.1327 0.0765637
3.13549 0.0765252
3.13771 0.0765024
3.14049 0.0764815
3.14272 0.0764696
3.14549 0.0764591
3.1477 0.0764533
3.15048 0.076448
3.1527 0.0764473
3.15548 0.102879
3.15771 0.0896454
3.16049 0.082062
3.16271 0.0793655
3.16549 0.0778176
3.16771 0.0772565
3.17049 0.0772983
3.17273 0.0785346
3.17552 0.0828683
3.17775 0.0894519
3.18052 0.169014
3.18274 0.42119
3.18553 1.06268
3.18776 1.86742
3.19054 3.20196
3.19277 4.56904
3.195 6.27733
3.1978 9.01429
3.20002 11.8284
3.2028 16.3204
3.20502 20.5229
3.20781 25.85
3.21003 29.8693
3.21281 34.4244
3.21503 37.6721
3.21781 41.2886
3.22004 43.8813
3.22282 46.8982
3.22505 49.2338
3.22784 52.0922
3.23007 54.3448
3.23286 57.0871
3.23509 59.1627
3.23788 61.4256
3.24011 62.7754
3.24289 63.8674
3.24512 64.6141
3.2479 65.7499
3.25014 66.8824
3.25294 68.456
3.25517 69.7145
3.25795 71.0891
3.26018 71.9176
3.26298 72.5786
3.26521 72.8077
3.268 72.773
3.27024 72.5577
3.27303 72.1357
3.27525 71.7411
3.27804 71.2612
3.28028 70.9281
3.28251 70.643
3.2853 70.3791
3.28753 70.2952
3.29031 70.4384
3.29255 70.7568
3.29533 71.3563
3.29756 71.9375
3.30036 72.6626
3.3026 73.1797
3.3054 73.6473
3.30763 73.8477
3.31042 73.864
3.31266 73.6974
3.31545 73.3208
3.31769 72.9583
3.32049 72.4658
3.32273 72.0875
3.32552 71.6998
3.32775 71.4985
3.33055 71.3857
3.33278 71.4209
3.33502 71.5856
3.33781 71.9535
3.34005 72.3221
3.34284 72.8307
3.34507 73.227
3.34786 73.627
3.3501 73.8297
3.3529 73.9162
3.35514 73.8153
3.35794 73.5612
3.36017 73.3193
3.36297 72.9647
3.3652 72.6191
3.368 72.1929
3.37024 71.9457
3.37304 71.7504
3.37527 71.6769
3.37751 71.7016
3.3803 71.8482
3.38254 72.0244
3.38534 72.3132
3.38758 72.5987
3.39038 72.9676
3.39262 73.1882
3.39541 73.2787
3.39765 73.2252
3.40045 73.0304
3.40269 72.8264
3.40548 72.5377
3.40772 72.2664
3.41052 71.8746
3.41276 71.5945
3.41501 71.3886
3.41781 71.2253
3.42005 71.166
3.42284 71.1927
3.42508 71.2708
3.42788 71.4278
3.43011 71.6176
3.43291 71.9223
3.43515 72.1319
3.43796 72.2725
3.4402 72.2703
3.443 72.154
3.44524 71.988
3.44804 71.7462
3.45028 71.5245
3.45252 71.2713
3.45532 70.9419
3.45756 70.718
3.46037 70.5054
3.46261 70.3955
3.46542 70.3495
3.46767 70.3735
3.47047 70.4569
3.47271 70.5709
3.47551 70.7837
3.47775 70.9857
3.48056 71.1865
3.4828 71.2631
3.48505 71.2572
3.48785 71.1462
3.4901 70.9859
3.4929 70.7492
3.49514 70.5359
3.49795 70.2396
3.50019 69.9925
3.50299 69.7164
3.50523 69.5382
3.50805 69.3869
3.5103 69.3361
3.51255 69.3365
3.51535 69.391
3.5176 69.475
3.5204 69.6421
3.52264 69.818
3.52546 70.0369
3.52771 70.1564
3.53052 70.2088
3.53277 70.1712
3.53501 70.0678
3.53782 69.8705
3.54007 69.6874
3.54287 69.4324
3.54512 69.2142
3.54792 68.9414
3.55017 68.739
3.55298 68.5369
3.55524 68.4406
3.55805 68.4089
3.56029 68.4375
3.56253 68.5043
3.56535 68.6368
3.5676 68.7846
3.57041 69.0125
3.57266 69.2071
3.57547 69.4073
3.57771 69.5051
3.58053 69.5317
3.58279 69.4771
3.58505 69.3596
3.58785 69.1537
3.5901 68.9618
3.59291 68.697
3.59517 68.4726
3.59798 68.1929
3.60023 67.9914
3.60304 67.7918
3.60528 67.6904
3.60753 67.6452
3.61034 67.6619
3.6126 67.724
3.6154 67.8542
3.61765 68.0046
3.62046 68.2388
3.62271 68.446
3.62552 68.6839
3.62777 68.8222
3.63002 68.8936
3.63283 68.8846
3.63507 68.8097
3.63789 68.6401
3.64014 68.4634
3.64296 68.2128
3.6452 67.9963
3.64802 67.7144
3.65028 67.4908
3.65254 67.2875
3.65535 67.081
3.6576 66.968
3.66042 66.8906
3.66267 66.8843
3.66549 66.9498
3.66774 67.058
3.67056 67.257
3.67281 67.4566
3.67507 67.6802
3.67788 67.9683
3.68014 68.177
3.68296 68.3691
3.68522 68.4493
3.68804 68.4623
3.69029 68.4139
3.69254 68.3161
3.69537 68.1399
3.69762 67.9708
3.70044 67.738
3.70269 67.5402
3.70551 67.2902
3.70777 67.1029
3.71002 66.9436
3.71284 66.8009
3.7151 66.7336
3.71792 66.7019
3.72017 66.7234
3.723 66.8168
3.72526 66.9494
3.72751 67.1272
3.73033 67.3983
3.73259 67.6365
3.73542 67.9312
3.73767 68.1384
3.74049 68.3353
3.74274 68.4297
3.74501 68.4672
3.74785 68.4417
3.7501 68.3726
3.75292 68.2348
3.75518 68.0891
3.758 67.876
3.76026 67.69
3.76251 67.4953
3.76533 67.2455
3.76758 67.0567
3.7704 66.8548
3.77266 66.7291
3.77548 66.6146
3.77773 66.559
3.78055 66.5439
3.78281 66.5861
3.78508 66.6797
3.7879 66.8614
3.79016 67.043
3.79297 67.2916
3.79523 67.493
3.79805 67.7249
3.80031 67.8796
3.80257 67.997
3.80539 68.0807
3.80765 68.095
3.81047 68.0503
3.81273 67.9713
3.81555 67.83
3.81781 67.6921
3.82006 67.5376
3.82288 67.3281
3.82514 67.1535
3.82796 66.9354
3.83022 66.7678
3.83305 66.5768
3.8353 66.4437
3.83756 66.3317
3.84038 66.2294
3.84263 66.1868
3.84546 66.1937
3.84772 66.2507
3.85054 66.3806
3.8528 66.5217
3.85506 66.6835
3.85789 66.8937
3.86014 67.0563
3.86297 67.239
3.86524 67.3604
3.86806 67.4724
3.87032 67.5254
3.87258 67.5438
3.8754 67.5181
3.87766 67.4617
3.88049 67.3522
3.88276 67.2391
3.88502 67.11
3.88784 66.9337
3.8901 66.7873
3.89292 66.6041
3.89518 66.4614
3.89801 66.2935
3.90028 66.1728
3.90254 66.0684
3.90537 65.9672
3.90763 65.9157
3.91045 65.8956
3.91271 65.9193
3.91555 65.9996
3.91782 66.1005
3.92009 66.227
3.92294 66.4063
3.92519 66.5527
3.92801 66.7295
3.93028 66.8602
3.93255 66.9762
3.9354 67.0959
3.93768 67.1677
3.94054 67.2229
3.9428 67.238
3.94506 67.2283
3.94789 67.1832
3.95015 67.1249
3.95299 67.0306
3.95527 66.9441
3.95754 66.8513
3.96037 66.7298
3.96263 66.6315
3.96546 66.5132
3.96772 66.4283
3.97055 66.3397
3.97282 66.2852
3.97509 66.248
3.97793 66.2316
3.9802 66.2467
3.98302 66.3043
3.98528 66.3812
3.98755 66.4831
3.99038 66.6365
3.99265 66.772
3.99549 66.9458
3.99776 67.0809
4.00002 67.2075
4.00284 67.3481
4.00511 67.4427
4.00793 67.534
4.0102 67.5844
4.01303 67.6176
4.0153 67.6221
4.01756 67.6094
4.02039 67.5723
4.02266 67.5295
4.02548 67.4615
4.02775 67.3965
4.03001 67.3238
4.03285 67.2259
4.03512 67.1457
4.03795 67.0496
4.04021 66.9824
4.04304 66.9188
4.04531 66.8871
4.04758 66.8729
4.05041 66.8835
4.05267 66.9167
4.0555 66.9897
4.05776 67.071
4.06003 67.168
4.06286 67.3045
4.06512 67.4195
4.06795 67.5616
4.07022 67.6682
4.07306 67.7868
4.07532 67.8669
4.07759 67.9315
4.08042 67.9891
4.08268 68.0167
4.08552 68.0277
4.08779 68.0196
4.09005 67.9981
4.09288 67.9545
4.09515 67.9086
4.09798 67.8385
4.10025 67.7733
4.10251 67.7013
4.10535 67.6052
4.10762 67.5267
4.11046 67.4324
4.11273 67.3669
4.11556 67.3045
4.11783 67.2719
4.12009 67.2559
4.12293 67.2626
4.12519 67.2912
4.12803 67.3554
4.13029 67.4265
4.13256 67.511
4.1354 67.6288
4.13768 67.7265
4.14051 67.8451
4.14278 67.9325
4.14505 68.0105
4.14789 68.0926
4.15017 68.1439
4.153 68.1898
4.15526 68.2119
4.15754 68.2215
4.16038 68.2174
4.16264 68.2025
4.16548 68.1711
4.16774 68.1363
4.17002 68.0926
4.17286 68.0258
4.17513 67.9641
4.17798 67.8793
4.18024 67.8082
4.18251 67.7369
4.18535 67.6522
4.18762 67.5931
4.19046 67.5393
4.19273 67.5156
4.19556 67.5092
4.19784 67.5234
4.20011 67.5555
4.20295 67.6191
4.20522 67.6854
4.20805 67.7812
4.21032 67.8628
4.21259 67.9445
4.21543 68.0421
4.21771 68.1127
4.22054 68.1886
4.22281 68.239
4.22508 68.2793
4.22792 68.3152
4.23019 68.333
4.23302 68.3424
4.23529 68.3402
4.23757 68.3305
4.24041 68.3069
4.24268 68.2781
4.24552 68.2295
4.24778 68.1814
4.25005 68.126
4.25289 68.0489
4.25516 67.9836
4.258 67.9008
4.26026 67.8367
4.26253 67.7778
4.26537 67.7168
4.26765 67.6839
4.27049 67.6688
4.27276 67.6766
4.27503 67.6982
4.27787 67.7415
4.28013 67.7884
4.28297 67.8608
4.28525 67.926
4.28751 67.9941
4.29035 68.0791
4.29262 68.1439
4.29546 68.2175
4.29773 68.2686
4.3 68.3121
4.30284 68.3557
4.30511 68.3817
4.30796 68.4039
4.31023 68.4126
4.31251 68.4125
4.31535 68.3996
4.31761 68.379
4.32045 68.34
4.32272 68.2989
4.32556 68.2367
4.32783 68.1795
4.3301 68.1176
4.33294 68.0369
4.33521 67.9729
4.33806 67.8978
4.34033 67.8451
4.34261 67.8023
4.34544 67.7673
4.34771 67.7564
4.35055 67.7648
4.35283 67.7864
4.3551 67.8172
4.35793 67.8655
4.3602 67.9109
4.36304 67.975
4.36532 68.0306
4.36759 68.0873
4.37043 68.1561
4.37271 68.207
4.37555 68.2618
4.37782 68.2977
4.3801 68.3262
4.38294 68.3516
4.38521 68.3631
4.38805 68.3654
4.39032 68.3568
4.39259 68.3385
4.39544 68.3019
4.39771 68.2621
4.40055 68.2
4.40282 68.1422
4.4051 68.0793
4.40794 67.9967
4.41022 67.9306
4.41306 67.8522
4.41533 67.7961
4.4176 67.749
4.42045 67.707
4.42272 67.6897
4.42556 67.6879
4.42783 67.7
4.43011 67.721
4.43295 67.757
4.43523 67.7924
4.43807 67.8438
4.44034 67.8898
4.44262 67.9392
4.44546 68.0022
4.44774 68.0504
4.45001 68.0938
4.45285 68.1371
4.45512 68.1619
4.45797 68.1813
4.46025 68.188
4.46253 68.1862
4.46537 68.1718
4.46764 68.1498
4.47048 68.1089
4.47276 68.0656
4.47504 68.0138
4.47788 67.9395
4.48015 67.8747
4.48299 67.7908
4.48526 67.7244
4.48755 67.6618
4.4904 67.5935
4.49267 67.551
4.49551 67.5166
4.49779 67.504
4.50007 67.5033
4.50292 67.5151
4.50519 67.5334
4.50803 67.5662
4.51031 67.5998
4.51258 67.6393
4.51543 67.6956
4.51771 67.7439
4.52056 67.8033
4.52283 67.8465
4.5251 67.8832
4.52795 67.9168
4.53023 67.9328
4.53251 67.9395
4.53535 67.9362
4.53763 67.9247
4.54047 67.8987
4.54275 67.8684
4.54503 67.8295
4.54788 67.7691
4.55015 67.7124
4.55299 67.6336
4.55527 67.5664
4.55756 67.4984
4.5604 67.4167
4.56268 67.3576
4.56552 67.2979
4.5678 67.2642
4.57007 67.2435
4.57292 67.2329
4.5752 67.2353
4.57805 67.2509
4.58033 67.2728
4.58261 67.303
4.58547 67.3505
4.58775 67.3941
4.59002 67.4397
4.59287 67.4956
4.59514 67.5362
4.59799 67.5786
4.60027 67.6044
4.60255 67.6216
4.6054 67.6312
4.60767 67.6297
4.61052 67.6174
4.61281 67.5995
4.61509 67.574
4.61794 67.5312
4.62022 67.4882
4.62306 67.4244
4.62534 67.3663
4.62762 67.3038
4.63047 67.2226
4.63275 67.1578
4.63503 67.096
4.63787 67.0274
4.64015 66.9839
4.64301 66.9492
4.64529 66.9368
4.64757 66.9352
4.65042 66.9465
4.6527 66.9653
4.65555 67.0003
4.65783 67.036
4.66012 67.0765
4.66296 67.1298
4.66524 67.1717
4.66752 67.2111
4.67037 67.2548
4.67265 67.2835
4.6755 67.3105
4.67778 67.325
4.68006 67.3329
4.68291 67.3344
4.68519 67.3281
4.68805 67.3091
4.69034 67.2844
4.69261 67.2514
4.69545 67.1991
4.69774 67.1496
4.70002 67.0947
4.70287 67.0212
4.70515 66.961
4.708 66.8875
4.71028 66.8328
4.71256 66.7846
4.71542 66.7368
4.71771 66.7115
4.72056 66.6983
4.72284 66.7024
4.72512 66.7174
4.72797 66.7471
4.73025 66.7769
4.73253 66.8113
4.73539 66.8597
4.73767 66.9012
4.74051 66.954
4.74279 66.9944
4.74508 67.0315
4.74794 67.0721
4.75022 67.0995
4.7525 67.1223
4.75535 67.1432
4.75763 67.1525
4.76049 67.1535
4.76278 67.1451
4.76506 67.128
4.76791 67.0948
4.77019 67.0593
4.77304 67.0054
4.77532 66.9565
4.77761 66.9044
4.78046 66.8373
4.78274 66.7847
4.78502 66.7352
4.78787 66.6808
4.79016 66.6457
4.79302 66.6154
4.7953 66.603
4.79758 66.6009
4.80043 66.6117
4.80272 66.6298
4.80557 66.6625
4.80786 66.6961
4.81014 66.7349
4.81299 66.7883
4.81527 66.8334
4.81755 66.8791
4.8204 66.9351
4.82269 66.9772
4.82555 67.0233
4.82784 67.054
4.83012 67.0793
4.83297 67.1021
4.83526 67.1126
4.83754 67.1155
4.84039 67.108
4.84267 67.0933
4.84552 67.0645
4.8478 67.0341
4.85008 66.9981
4.85294 66.9467
4.85523 66.9019
4.85751 66.8556
4.86037 66.7976
4.86265 66.7536
4.8655 66.7046
4.86778 66.6726
4.87008 66.6491
4.87294 66.6333
4.87522 66.6314
4.8775 66.6383
4.88036 66.658
4.88264 66.6822
4.8855 66.7218
4.88779 66.7598
4.89008 66.8021
4.89292 66.8588
4.8952 66.9055
4.89806 66.9637
4.90035 67.0079
4.90264 67.048
4.9055 67.0905
4.90779 67.1179
4.91007 67.1395
4.91293 67.159
4.91521 67.1681
4.91807 67.1709
4.92035 67.1657
4.92263 67.1535
4.92549 67.1286
4.92777 67.1017
4.93005 67.0693
4.93291 67.0223
4.93521 66.9808
4.93806 66.9262
4.94035 66.882
4.94263 66.839
4.94548 66.7896
4.94777 66.7557
4.95006 66.7294
4.95293 66.7094
4.95521 66.704
4.95807 66.709
4.96036 66.7217
4.96264 66.7416
4.9655 66.7755
4.96779 66.809
4.97008 66.8467
4.97293 66.8976
4.97521 66.9396
4.97806 66.9911
4.98035 67.0299
4.98265 67.0655
4.98552 67.104
4.98781 67.1295
4.9901 67.1502
4.99295 67.1695
4.99524 67.1798
4.99752 67.185
5.00038 67.1836
5.00267 67.1758
5.00553 67.157
5.00781 67.1349
5.01009 67.1067
5.01295 67.0642
5.01524 67.0254
5.01753 66.9834
5.0204 66.9284
5.02269 66.8838
5.02554 66.8294
5.02783 66.7883
5.03011 66.751
5.03297 66.7123
5.03527 66.6898
5.03756 66.6764
5.04042 66.672
5.0427 66.677
5.04556 66.6928
5.04785 66.7123
5.05014 66.7371
5.05301 66.7737
5.0553 66.8058
5.05758 66.8386
5.06043 66.879
5.06272 66.9096
5.06501 66.9378
5.06787 66.969
5.07017 66.9904
5.07304 67.0123
5.07533 67.0257
5.07761 67.0353
5.08047 67.041
5.08276 67.0397
5.08505 67.0328
5.08791 67.0157
5.0902 66.9952
5.09306 66.9614
5.09534 66.9282
5.09763 66.8902
5.10049 66.8375
5.10278 66.7921
5.10508 66.7451
5.10795 66.6854
5.11023 66.6385
5.11252 66.5934
5.11538 66.5412
5.11766 66.5041
5.12053 66.4655
5.12283 66.4424
5.12512 66.4268
5.12798 66.4179
5.13027 66.4187
5.13255 66.425
5.13542 66.4391
5.13771 66.4544
5.14001 66.4725
5.14287 66.4971
5.14516 66.5171
5.14802 66.5412
5.1503 66.5593
5.15259 66.5757
5.15546 66.5934
5.15776 66.6051
5.16005 66.6144
5.16291 66.6219
5.1652 66.6238
5.16806 66.6201
5.17035 66.6118
5.17264 66.5982
5.1755 66.5734
5.17779 66.5473
5.18008 66.5157
5.18294 66.4692
5.18522 66.4271
5.18751 66.3814
5.19038 66.3205
5.19267 66.2698
5.19554 66.2053
5.19783 66.1538
5.20012 66.1036
5.20298 66.0439
5.20526 65.9999
5.20755 65.9602
5.21041 65.918
5.21271 65.8907
5.215 65.8693
5.21787 65.8503
5.22016 65.8402
5.22302 65.8326
5.22531 65.8294
5.2276 65.8285
5.23048 65.8305
5.23279 65.8344
5.23508 65.8404
5.23795 65.8503
5.24024 65.8596
5.24252 65.8693
5.24539 65.8802
5.24768 65.8865
5.25055 65.8893
5.25284 65.8863
5.25513 65.8787
5.25799 65.8631
5.26028 65.8464
5.26257 65.8257
5.26544 65.7944
5.26773 65.7646
5.27003 65.7305
5.27289 65.6819
5.27518 65.6388
5.27804 65.5805
5.28033 65.5309
5.28262 65.4793
5.28549 65.4131
5.28778 65.3594
5.29008 65.3061
5.29294 65.2415
5.29523 65.1923
5.29752 65.1462
5.30038 65.0939
5.30268 65.0569
5.30554 65.0162
5.30784 64.9876
5.31013 64.9618
5.313 64.9335
5.31529 64.9141
5.31758 64.8978
5.32044 64.8822
5.32274 64.8738
5.32504 64.8691
5.32793 64.8682
5.33024 64.8707
5.33254 64.8752
5.33542 64.8821
5.33771 64.8872
5.34 64.8908
5.34287 64.8911
5.34516 64.8868
5.34803 64.8746
5.35032 64.8588
5.35261 64.8378
5.35548 64.8046
5.35776 64.7734
5.36006 64.739
5.36293 64.6922
5.36523 64.6522
5.36754 64.6097
5.37043 64.5534
5.37272 64.5062
5.37502 64.4573
5.37788 64.3946
5.38017 64.3436
5.38303 64.2793
5.38533 64.2285
5.38763 64.1789
5.39049 64.1199
5.39278 64.0755
5.39507 64.0338
5.39794 63.9854
5.40023 63.9493
5.40254 63.9156
5.40541 63.8774
5.40772 63.8501
5.41002 63.8263
5.41289 63.8019
5.41518 63.787
5.41804 63.7741
5.42033 63.768
5.42263 63.7651
5.4255 63.765
5.42779 63.7669
5.43011 63.77
5.433 63.7742
5.43531 63.7768
5.43762 63.7777
5.4405 63.7753
5.44281 63.7695
5.44511 63.7593
5.44798 63.74
5.45028 63.7189
5.45257 63.6931
5.45544 63.6546
5.45773 63.62
5.46003 63.5828
5.46289 63.5337
5.46519 63.4926
5.46806 63.4393
5.47037 63.3952
5.47267 63.3502
5.47555 63.2933
5.47786 63.248
5.48017 63.2033
5.48304 63.149
5.48534 63.1073
5.48764 63.0676
5.49051 63.0205
5.4928 62.9849
5.4951 62.9511
5.49796 62.9116
5.50026 62.8826
5.50255 62.8559
5.50542 62.8264
5.50771 62.8064
5.51002 62.7897
5.5129 62.7737
5.51521 62.7648
5.51753 62.7592
5.52042 62.7564
5.52272 62.7571
5.52503 62.7599
5.5279 62.7657
5.53019 62.7715
5.53306 62.7791
5.53535 62.7847
5.53765 62.7889
5.54053 62.791
5.54283 62.7891
5.54513 62.7833
5.54801 62.7696
5.55033 62.7533
5.55264 62.7323
5.55554 62.7004
5.55786 62.6714
5.56018 62.6403
5.56307 62.5991
5.56538 62.5648
5.56769 62.5296
5.57057 62.4846
5.57287 62.448
5.57517 62.4115
5.57804 62.3663
5.58034 62.3311
5.58263 62.2969
5.58551 62.2559
5.58782 62.2248
5.59012 62.1953
5.59302 62.1605
5.59534 62.1344
5.59766 62.1099
5.60056 62.0816
5.60287 62.0612
5.60518 62.0429
5.60807 62.0234
5.61037 62.0107
5.61268 62.0008
5.61555 61.9924
5.61785 61.9889
5.62015 61.9881
5.62302 61.9909
5.62532 61.9957
5.62762 62.0028
5.63049 62.0141
5.63279 62.0248
5.63509 62.0363
5.63797 62.0512
5.64027 62.0626
5.64258 62.0726
5.64546 62.0818
5.64777 62.0857
5.65008 62.0857
5.65296 62.08
5.65527 62.0707
5.65759 62.0576
5.66047 62.037
5.66277 62.0179
5.66507 61.9972
5.66794 61.9694
5.67024 61.946
5.67254 61.9216
5.67542 61.8898
5.67773 61.8634
5.68004 61.8365
5.68292 61.8028
5.68522 61.776
5.68753 61.7496
5.69041 61.7176
5.69272 61.6932
5.69503 61.6698
5.69792 61.6428
5.70024 61.6232
5.70256 61.6054
5.70546 61.5859
5.70778 61.572
5.7101 61.5597
5.713 61.5466
5.71531 61.538
5.71762 61.531
5.7205 61.5249
5.72281 61.5222
5.72511 61.5213
5.72799 61.5228
5.73029 61.526
5.73259 61.531
5.73547 61.5399
5.73778 61.5489
5.74009 61.5597
5.74298 61.5753
5.74529 61.5892
5.7476 61.6041
5.7505 61.6232
5.75282 61.6381
5.75514 61.6517
5.75804 61.6659
5.76037 61.6743
5.7627 61.6794
5.76502 61.6812
5.76793 61.6788
5.77025 61.6738
5.77256 61.6666
5.77546 61.655
5.77777 61.6439
5.78008 61.6313
5.78296 61.6136
5.78527 61.5978
5.78757 61.5805
5.79045 61.5571
5.79276 61.5372
5.79506 61.5169
5.79794 61.4913
5.80024 61.4712
5.80255 61.452
5.80543 61.4297
5.80773 61.4135
5.81004 61.3992
5.81292 61.3839
5.81523 61.3738
5.81754 61.3655
5.82043 61.3577
5.82275 61.3531
5.82506 61.3499
5.82795 61.3476
5.83026 61.3469
5.83257 61.3471
5.83547 61.3484
5.83778 61.3502
5.8401 61.3527
5.84299 61.3566
5.84531 61.3603
5.84763 61.3646
5.85052 61.3706
5.85284 61.3759
5.85515 61.3819
5.85803 61.39
5.86034 61.3973
5.86265 61.4053
5.86553 61.4164
5.86784 61.4263
5.87014 61.4371
5.87303 61.4518
5.87534 61.4645
5.87765 61.4778
5.88054 61.4949
5.88285 61.5087
5.88516 61.5222
5.88805 61.5378
5.89036 61.549
5.89268 61.5585
5.89557 61.5679
5.89788 61.5734
5.9002 61.5772
5.90251 61.5794
5.90541 61.5796
5.90773 61.5776
5.91005 61.5734
5.91296 61.5648
5.91528 61.5552
5.91761 61.5434
5.92052 61.5255
5.92284 61.5094
5.92517 61.4922
5.9275 61.4744
5.93041 61.4524
5.93275 61.4356
5.93509 61.4201
5.938 61.4034
5.94033 61.3924
5.94266 61.3837
5.94556 61.376
5.94789 61.3722
5.95021 61.3704
5.95252 61.3702
5.95542 61.3721
5.95774 61.375
5.96005 61.3789
5.96294 61.3851
5.96525 61.3908
5.96756 61.3973
5.97045 61.4063
5.97277 61.4141
5.97508 61.4225
5.97796 61.4339
5.98027 61.4436
5.98258 61.4539
5.98547 61.4674
5.98778 61.4787
5.99009 61.4903
5.99298 61.505
5.99529 61.5167
5.9976 61.528
6.00049 61.5416
6.0028 61.5516
6.00511 61.5606
6.008 61.5703
6.01032 61.5764
6.01263 61.5809
6.01553 61.5839
6.01785 61.5842
6.02017 61.5826
6.02306 61.5783
6.02538 61.5734
6.0277 61.5678
6.03002 61.562
6.03292 61.5556
6.03524 61.5521
6.03756 61.5508
6.04046 61.553
6.04279 61.5581
6.04511 61.566
6.04802 61.5787
6.05034 61.5907
6.05267 61.604
6.055 61.6187
6.05791 61.6387
6.06025 61.6558
6.06258 61.6732
6.0655 61.6946
6.06783 61.7108
6.07016 61.7259
6.07307 61.7429
6.0754 61.755
6.07772 61.7656
6.08005 61.7747
6.08295 61.7835
6.08527 61.7881
6.08759 61.7905
6.09049 61.7899
6.09281 61.7865
6.09512 61.7805
6.09802 61.7698
6.10034 61.759
6.10265 61.7469
6.10554 61.7306
6.10786 61.7173
6.11017 61.7043
6.11306 61.6893
6.11538 61.6788
6.11769 61.67
6.12 61.6631
6.12289 61.6573
6.12521 61.6549
6.12752 61.6545
6.13041 61.6565
6.13272 61.6599
6.13504 61.6647
6.13793 61.6724
6.14025 61.6796
6.14256 61.6876
6.14546 61.6984
6.14777 61.7074
6.15009 61.7166
6.15299 61.7283
6.1553 61.7375
6.15762 61.7465
6.16052 61.7573
6.16284 61.7654
6.16517 61.773
6.16807 61.7818
6.17039 61.7881
6.17271 61.7937
6.17503 61.7988
6.17793 61.8043
6.18025 61.8081
6.18257 61.8114
6.18547 61.8149
6.18778 61.8175
6.1901 61.8197
6.19299 61.8225
6.19531 61.8247
6.19763 61.8271
6.20052 61.8305
6.20283 61.8336
6.20515 61.8372
6.20804 61.8426
6.21035 61.8476
6.21267 61.8534
6.21556 61.8617
6.21787 61.8692
6.22018 61.8774
6.22308 61.8885
6.22539 61.898
6.2277 61.908
6.23001 61.9182
6.2329 61.9313
6.23522 61.9419
6.23753 61.9526
6.24042 61.9658
6.24273 61.9762
6.24504 61.9864
6.24793 61.9988
6.25025 62.0081
6.25256 62.0169
6.25545 62.027
6.25776 62.0342
6.26008 62.0406
6.26297 62.0473
6.26528 62.0518
6.2676 62.0554
6.27049 62.0587
6.27281 62.0605
6.27512 62.0618
6.27801 62.0626
6.28033 62.0629
6.28264 62.0629
6.28554 62.0626
6.28786 62.0622
6.29017 62.0618
6.29307 62.0611
6.29539 62.0607
6.29771 62.0602
6.30002 62.0597
6.30292 62.0592
6.30524 62.0588
6.30756 62.0586
6.31045 62.0585
6.31277 62.0585
6.31509 62.0587
6.31799 62.0593
6.3203 62.0601
6.32262 62.0611
6.32552 62.0627
6.32784 62.0643
6.33016 62.0662
6.33305 62.0689
6.33537 62.0713
6.33769 62.074
6.34001 62.0769
6.34291 62.0807
6.34523 62.0841
6.34755 62.0876
6.35045 62.0923
6.35277 62.0962
6.35509 62.1003
6.35799 62.1057
6.36032 62.1102
6.36264 62.1149
6.36555 62.1209
6.36787 62.1258
6.3702 62.1308
6.37252 62.136
6.37543 62.1425
6.37775 62.1477
6.38007 62.1529
6.38298 62.1594
6.3853 62.1645
6.38762 62.1696
6.39052 62.1758
6.39284 62.1808
6.39516 62.1856
6.39806 62.1916
6.40038 62.1964
6.4027 62.2011
6.40501 62.2058
6.40791 62.2116
6.41023 62.2163
6.41254 62.2209
6.41544 62.2267
6.41775 62.2313
6.42007 62.2359
6.42296 62.2416
6.42528 62.2461
6.42759 62.2505
6.43048 62.256
6.4328 62.2604
6.43511 62.2647
6.438 62.2699
6.44032 62.2741
6.44263 62.2781
6.44552 62.283
6.44784 62.2868
6.45015 62.2905
6.45304 62.295
6.45536 62.2984
6.45767 62.3016
6.46056 62.3055
6.46288 62.3084
6.46519 62.3112
6.46751 62.3138
6.4704 62.3168
6.47272 62.3191
6.47503 62.3212
6.47793 62.3236
6.48024 62.3254
6.48256 62.3271
6.48546 62.3291
6.48777 62.3306
6.49009 62.3319
6.49299 62.3336
6.49531 62.3348
6.49763 62.336
6.50053 62.3375
6.50285 62.3387
6.50518 62.3399
6.5075 62.3411
6.51041 62.3427
6.51273 62.3439
6.51506 62.3453
6.51796 62.3471
6.52029 62.3485
6.52261 62.3501
6.52552 62.3522
6.52784 62.354
6.53016 62.3558
6.53307 62.3583
6.53539 62.3604
6.53772 62.3626
6.54004 62.3649
6.54294 62.3679
6.54527 62.3704
6.54759 62.3729
6.5505 62.3763
6.55282 62.379
6.55515 62.3818
6.55805 62.3854
6.56038 62.3883
6.5627 62.3912
6.56502 62.3942
6.56792 62.3979
6.57024 62.4009
6.57256 62.4039
6.57546 62.4076
6.57778 62.4105
6.5801 62.4134
6.583 62.4169
6.58531 62.4195
6.58763 62.4221
6.59053 62.425
6.59284 62.4272
6.59516 62.4291
6.59805 62.4313
6.60037 62.4328
6.60268 62.434
6.60558 62.4352
6.60789 62.4359
6.61021 62.4364
6.61252 62.4367
6.61541 62.4369
6.61773 62.4369
6.62005 62.4368
6.62294 62.4367
6.62526 62.4367
6.62757 62.4368
6.63047 62.4371
6.63279 62.4377
6.63511 62.4384
6.638 62.4398
6.64032 62.4413
6.64264 62.4431
6.64554 62.4458
6.64787 62.4482
6.65019 62.451
6.65251 62.454
6.65542 62.458
6.65774 62.4613
6.66007 62.4647
6.66298 62.469
6.66531 62.4723
6.66763 62.4755
6.67054 62.4793
6.67287 62.4821
6.67519 62.4847
6.67751 62.4871
6.68041 62.4898
6.68273 62.4917
6.68505 62.4934
6.68795 62.4953
6.69027 62.4966
6.69258 62.4977
6.69548 62.4991
6.69779 62.5
6.70011 62.5009
6.703 62.5018
6.70531 62.5025
6.70762 62.5032
6.71051 62.5039
6.71283 62.5044
6.71514 62.5048
6.71803 62.5053
6.72034 62.5056
6.72265 62.5058
6.72554 62.5061
6.72785 62.5063
6.73016 62.5065
6.73305 62.5068
6.73537 62.5071
6.73768 62.5076
6.74057 62.5084
6.74288 62.5092
6.7452 62.5102
6.74751 62.5115
6.75041 62.5135
6.75272 62.5153
6.75504 62.5175
6.75794 62.5204
6.76025 62.5231
6.76257 62.5258
6.76547 62.5295
6.76779 62.5325
6.77011 62.5355
6.77301 62.5391
6.77533 62.5419
6.77765 62.5444
6.78055 62.5473
6.78287 62.5493
6.78519 62.551
6.78751 62.5524
6.79042 62.5537
6.79274 62.5544
6.79506 62.5549
6.79797 62.5551
6.80029 62.5549
6.80261 62.5547
6.80551 62.5541
6.80783 62.5535
6.81015 62.5529
6.81305 62.552
6.81536 62.5514
6.81768 62.5507
6.82057 62.5501
6.82289 62.5496
6.8252 62.5493
6.82752 62.549
6.83041 62.5488
6.83272 62.5488
6.83503 62.5489
6.83792 62.5492
6.84024 62.5495
6.84255 62.55
6.84544 62.5507
6.84775 62.5515
6.85007 62.5524
6.85296 62.5536
6.85527 62.5548
6.85759 62.5562
6.86048 62.5581
6.8628 62.5597
6.86511 62.5615
6.86801 62.5639
6.87033 62.566
6.87265 62.5681
6.87554 62.571
6.87787 62.5734
6.88019 62.5758
6.88251 62.5783
6.88542 62.5815
6.88774 62.5841
6.89006 62.5868
6.89296 62.5901
6.89528 62.5927
6.8976 62.5954
6.90049 62.5987
6.90281 62.6014
6.90512 62.6041
6.90802 62.6074
6.91033 62.6101
6.91264 62.6129
6.91553 62.6163
6.91784 62.619
6.92016 62.6218
6.92304 62.6252
6.92535 62.6279
6.92767 62.6305
6.93055 62.6338
6.93286 62.6363
6.93517 62.6386
6.93806 62.6413
6.94037 62.6433
6.94268 62.6451
6.94557 62.647
6.94788 62.6482
6.9502 62.6492
6.95251 62.6499
6.9554 62.6504
6.95771 62.6506
6.96003 62.6505
6.96292 62.6501
6.96524 62.6497
6.96755 62.6491
6.97045 62.6482
6.97277 62.6475
6.97508 62.6468
6.97798 62.646
6.9803 62.6455
6.98261 62.6451
6.98551 62.6449
6.98783 62.645
6.99014 62.6453
6.99304 62.6461
6.99536 62.6471
6.99768 62.6483
7 62.6498
7.0029 62.6521
7.00523 62.6543
7.00755 62.6567
7.01046 62.6601
7.01278 62.6631
7.0151 62.6664
7.018 62.6708
7.02032 62.6746
7.02264 62.6785
7.02554 62.6838
7.02785 62.6881
7.03017 62.6926
7.03306 62.6984
7.03538 62.7032
7.03769 62.708
7.04 62.7129
7.04289 62.7191
7.04521 62.724
7.04752 62.7288
7.05041 62.7347
7.05272 62.7392
7.05503 62.7435
7.05792 62.7486
7.06023 62.7524
7.06255 62.7559
7.06544 62.7598
7.06775 62.7625
7.07006 62.7648
7.07296 62.7671
7.07527 62.7685
7.07759 62.7693
7.08048 62.7698
7.0828 62.7696
7.08512 62.7689
7.08801 62.7673
7.09034 62.7654
7.09266 62.7631
7.09556 62.7594
7.09788 62.756
7.10021 62.7521
7.10253 62.7479
7.10544 62.742
7.10777 62.737
7.1101 62.7318
7.113 62.7249
7.11533 62.7192
7.11765 62.7134
7.12056 62.706
7.12288 62.7001
7.1252 62.6943
7.12753 62.6885
7.13043 62.6815
7.13275 62.6762
7.13508 62.6711
7.13798 62.6651
7.1403 62.6608
7.14262 62.6568
7.14552 62.6526
7.14784 62.6499
7.15015 62.6477
7.15305 62.6459
7.15537 62.6452
7.15768 62.6451
7.16058 62.6459
7.16289 62.6474
7.16521 62.6494
7.16752 62.6521
7.17041 62.6563
7.17273 62.6601
7.17504 62.6645
7.17793 62.6706
7.18025 62.6759
7.18256 62.6816
7.18546 62.6893
7.18778 62.6959
7.19009 62.7028
7.19299 62.7118
7.19531 62.7192
7.19763 62.7266
7.20053 62.736
7.20285 62.7437
7.20517 62.7515
7.20808 62.7612
7.2104 62.7691
7.21273 62.7772
7.21506 62.7855
7.21796 62.7961
7.22029 62.8047
7.22261 62.8135
7.22551 62.8246
7.22783 62.8335
7.23015 62.8423
7.23305 62.8529
7.23536 62.861
7.23768 62.8689
7.24057 62.8781
7.24289 62.885
7.2452 62.8915
7.24751 62.8977
7.2504 62.9047
7.25272 62.9099
7.25503 62.9147
7.25792 62.92
7.26023 62.9237
7.26254 62.927
7.26543 62.9303
7.26774 62.9324
7.27005 62.9339
7.27294 62.9351
7.27525 62.9354
7.27757 62.9353
7.28046 62.9344
7.28277 62.9332
7.28508 62.9317
7.28798 62.9291
7.29029 62.9267
7.29261 62.924
7.29551 62.9203
7.29782 62.917
7.30014 62.9134
7.30304 62.9087
7.30536 62.9046
7.30768 62.9002
7.31 62.8956
7.3129 62.8894
7.31522 62.8841
7.31754 62.8784
7.32044 62.8709
7.32276 62.8644
7.32509 62.8576
7.32799 62.8485
7.33031 62.8409
7.33263 62.833
7.33554 62.8228
7.33786 62.8144
7.34017 62.8059
7.34307 62.7952
7.34539 62.7868
7.34771 62.7786
7.35002 62.7707
7.35292 62.7616
7.35523 62.7549
7.35754 62.7489
7.36044 62.7423
7.36275 62.7381
7.36506 62.7348
7.36795 62.7322
7.37027 62.7311
7.37258 62.731
7.37547 62.732
7.37779 62.7336
7.3801 62.7357
7.38299 62.7391
7.38531 62.7421
7.38762 62.7455
7.39051 62.7498
7.39283 62.7535
7.39515 62.7571
7.39805 62.7618
7.40036 62.7655
7.40268 62.7692
7.40501 62.773
7.40791 62.7778
7.41023 62.7817
7.41256 62.7858
7.41546 62.7912
7.41778 62.7957
7.4201 62.8004
7.423 62.8066
7.42532 62.8119
7.42764 62.8174
7.43054 62.8247
7.43285 62.8307
7.43517 62.837
7.43806 62.845
7.44037 62.8516
7.44268 62.8582
7.44557 62.8667
7.44788 62.8735
7.45019 62.8803
7.4525 62.8872
7.45539 62.8958
7.4577 62.9027
7.46001 62.9096
7.4629 62.9183
7.46521 62.9253
7.46752 62.9323
7.47041 62.9412
7.47272 62.9483
7.47503 62.9555
7.47792 62.9646
7.48023 62.9718
7.48255 62.9791
7.48544 62.9882
7.48775 62.9953
7.49007 63.0024
7.49297 63.0109
7.49528 63.0175
7.4976 63.0239
7.5005 63.0314
7.50281 63.0369
7.50513 63.042
7.50803 63.0478
7.51035 63.0518
7.51267 63.0552
7.51557 63.0586
7.51789 63.0606
7.52021 63.062
7.52253 63.0627
7.52543 63.0626
7.52776 63.0617
7.53008 63.0602
7.53299 63.0574
7.53532 63.0545
7.53764 63.0511
7.54054 63.046
7.54286 63.0414
7.54518 63.0364
7.54808 63.0295
7.55039 63.0236
7.55271 63.0174
7.55502 63.0109
7.55792 63.0025
7.56023 62.9954
7.56254 62.9882
7.56543 62.979
7.56775 62.9714
7.57006 62.9638
7.57295 62.954
7.57526 62.9461
7.57757 62.9381
7.58046 62.9281
7.58278 62.92
7.58509 62.912
7.58798 62.902
7.59029 62.8941
7.59261 62.8863
7.5955 62.8767
7.59781 62.8692
7.60013 62.8619
7.60303 62.8531
7.60534 62.8463
7.60766 62.8399
7.61056 62.8323
7.61289 62.8266
7.61521 62.8213
7.61753 62.8163
7.62044 62.8107
7.62276 62.8067
7.62509 62.8031
7.628 62.7993
7.63032 62.7967
7.63264 62.7946
7.63555 62.7927
7.63787 62.7916
7.6402 62.791
7.64252 62.7909
7.64543 62.7914
7.64775 62.7923
7.65008 62.7937
7.65298 62.7961
7.6553 62.7986
7.65762 62.8015
7.66052 62.8058
7.66284 62.8097
7.66515 62.8141
7.66805 62.8203
7.67037 62.8258
7.67268 62.8318
7.67558 62.8399
7.67789 62.847
7.68021 62.8545
7.68252 62.8624
7.68542 62.873
7.68773 62.8819
7.69005 62.8912
7.69294 62.9032
7.69526 62.9132
7.69757 62.9234
7.70047 62.9364
7.70278 62.9468
7.7051 62.9573
7.708 62.9704
7.71032 62.9807
7.71264 62.9909
7.71554 63.0034
7.71787 63.013
7.72019 63.0224
7.72252 63.0314
7.72543 63.0421
7.72775 63.05
7.73008 63.0575
7.73299 63.066
7.73531 63.072
7.73763 63.0773
7.74053 63.083
7.74285 63.0867
7.74517 63.0898
7.74806 63.0927
7.75038 63.0943
7.75269 63.0954
7.75501 63.0958
7.7579 63.0957
7.76021 63.0952
7.76252 63.0942
7.76541 63.0924
7.76773 63.0907
7.77004 63.0886
7.77292 63.0857
7.77524 63.0831
7.77755 63.0803
7.78044 63.0764
7.78275 63.0731
7.78506 63.0696
7.78795 63.0648
7.79026 63.0606
7.79257 63.0562
7.79547 63.0503
7.79778 63.0454
7.8001 63.0401
7.80299 63.0333
7.80531 63.0276
7.80763 63.0218
7.81053 63.0145
7.81285 63.0086
7.81517 63.0027
7.81807 62.9955
7.82039 62.9898
7.82271 62.9844
7.82504 62.9791
7.82794 62.9728
7.83026 62.968
7.83259 62.9634
7.83549 62.9578
7.83781 62.9535
7.84013 62.9493
7.84303 62.9442
7.84535 62.9401
7.84767 62.9361
7.85056 62.931
7.85287 62.9269
7.85519 62.9229
7.8575 62.9188
7.8604 62.9137
7.86271 62.9097
7.86502 62.9057
7.86791 62.9011
7.87023 62.8975
7.87254 62.8942
7.87543 62.8905
7.87774 62.888
7.88006 62.8858
7.88295 62.8836
7.88527 62.8824
7.88758 62.8816
7.89048 62.8813
7.89279 62.8815
7.89511 62.8821
7.89801 62.8834
7.90033 62.8848
7.90265 62.8864
7.90556 62.8887
7.90788 62.8907
7.91021 62.8926
7.91253 62.8945
7.91543 62.8967
7.91775 62.8983
7.92007 62.8996
7.92297 62.9009
7.92528 62.9016
7.9276 62.9021
7.93049 62.9024
7.9328 62.9024
7.93511 62.9023
7.938 62.9019
7.94032 62.9014
7.94263 62.9009
7.94551 62.9002
7.94782 62.8995
7.95013 62.8988
7.95302 62.8979
7.95533 62.8971
7.95764 62.8964
7.96053 62.8955
7.96284 62.8948
7.96515 62.8941
7.96804 62.8935
7.97035 62.8931
7.97266 62.8928
7.97556 62.8928
7.97787 62.8931
7.98019 62.8936
7.9825 62.8945
7.9854 62.8962
7.98772 62.8981
7.99003 62.9004
7.99293 62.9041
7.99525 62.9076
7.99757 62.9116
8.00047 62.9174
8.00279 62.9225
8.00511 62.9282
8.00802 62.9359
8.01034 62.9426
8.01267 62.9495
8.01557 62.9586
8.0179 62.9661
8.02022 62.9737
8.02254 62.9814
8.02545 62.9909
8.02777 62.9983
8.03008 63.0056
8.03298 63.0142
8.0353 63.0207
8.03761 63.0268
8.0405 63.0338
8.04282 63.0389
8.04513 63.0435
8.04802 63.0485
8.05033 63.0519
8.05264 63.0549
8.05553 63.0578
8.05785 63.0597
8.06016 63.061
8.06305 63.0621
8.06536 63.0625
8.06767 63.0625
8.07056 63.062
8.07288 63.0612
8.07519 63.0601
8.07751 63.0587
8.0804 63.0566
8.08272 63.0547
8.08504 63.0525
8.08794 63.0494
8.09026 63.0468
8.09258 63.0439
8.09549 63.0399
8.09781 63.0366
8.10014 63.033
8.10305 63.0283
8.10537 63.0243
8.1077 63.0202
8.11002 63.0159
8.11293 63.0102
8.11525 63.0056
8.11758 63.0008
8.12048 62.9946
8.12281 62.9895
8.12513 62.9844
8.12803 62.9779
8.13036 62.9726
8.13268 62.9673
8.13557 62.9607
8.13789 62.9554
8.14021 62.9501
8.14253 62.945
8.14542 62.9386
8.14774 62.9336
8.15005 62.9287
8.15295 62.9229
8.15526 62.9185
8.15758 62.9143
8.16047 62.9094
8.16279 62.9058
8.1651 62.9026
8.168 62.8992
8.17031 62.8969
8.17263 62.8951
8.17553 62.8935
8.17785 62.8929
8.18017 62.8928
8.18307 62.8934
8.18539 62.8945
8.18771 62.8962
8.19004 62.8984
8.19295 62.9018
8.19527 62.9051
8.1976 62.9088
8.20051 62.9139
8.20283 62.9183
8.20516 62.923
8.20806 62.9289
8.21038 62.9338
8.2127 62.9386
8.21501 62.9433
8.21791 62.9489
8.22022 62.9531
8.22254 62.957
8.22543 62.9613
8.22774 62.9642
8.23006 62.9668
8.23295 62.9693
8.23526 62.9708
8.23757 62.9718
8.24046 62.9724
8.24277 62.9723
8.24508 62.9718
8.24797 62.9706
8.25028 62.9692
8.25259 62.9675
8.25548 62.9648
8.25779 62.9624
8.26011 62.9597
8.263 62.956
8.26532 62.9529
8.26763 62.9497
8.27053 62.9455
8.27285 62.9421
8.27516 62.9387
8.27806 62.9345
8.28039 62.9311
8.28271 62.9278
8.28503 62.9246
8.28793 62.9207
8.29026 62.9178
8.29258 62.9149
8.29549 62.9116
8.29781 62.9092
8.30013 62.9069
8.30304 62.9043
8.30536 62.9025
8.30767 62.901
8.31057 62.8994
8.31289 62.8984
8.3152 62.8977
8.31752 62.8972
8.32041 62.897
8.32272 62.8972
8.32504 62.8976
8.32793 62.8983
8.33024 62.8992
8.33255 62.9003
8.33544 62.902
8.33776 62.9035
8.34007 62.9051
8.34296 62.9075
8.34528 62.9095
8.34759 62.9116
8.35049 62.9144
8.35281 62.9168
8.35512 62.9193
8.35802 62.9225
8.36034 62.9253
8.36266 62.9281
8.36557 62.9318
8.36789 62.935
8.37022 62.9382
8.37254 62.9416
8.37545 62.9459
8.37777 62.9495
8.38009 62.9531
8.38298 62.9575
8.3853 62.961
8.38761 62.9644
8.39051 62.9684
8.39282 62.9713
8.39513 62.974
8.39802 62.977
8.40033 62.9789
8.40265 62.9805
8.40553 62.9819
8.40784 62.9825
8.41015 62.9827
8.41304 62.9823
8.41535 62.9816
8.41766 62.9804
8.42055 62.9783
8.42286 62.9762
8.42517 62.9737
8.42806 62.9701
8.43037 62.9669
8.43268 62.9634
8.43557 62.9586
8.43789 62.9546
8.4402 62.9504
8.44252 62.9461
8.44542 62.9406
8.44773 62.9362
8.45005 62.9318
8.45295 62.9265
8.45527 62.9224
8.45759 62.9185
8.46049 62.9141
8.46281 62.9109
8.46513 62.9082
8.46804 62.9055
8.47036 62.904
8.47269 62.9031
8.47501 62.9028
8.47792 62.9033
8.48025 62.9045
8.48257 62.9063
8.48547 62.9095
8.4878 62.9127
8.49012 62.9164
8.49301 62.9217
8.49533 62.9263
8.49765 62.9312
8.50054 62.9376
8.50286 62.9428
8.50517 62.948
8.50806 62.9544
8.51037 62.9594
8.51269 62.9641
8.515 62.9684
8.51789 62.9734
8.5202 62.977
8.52252 62.9801
8.52541 62.9834
8.52772 62.9855
8.53003 62.9872
8.53292 62.9886
8.53524 62.9893
8.53755 62.9896
8.54045 62.9893
8.54276 62.9887
8.54508 62.9877
8.54798 62.986
8.5503 62.9842
8.55262 62.9821
8.55552 62.9791
8.55785 62.9763
8.56017 62.9733
8.56308 62.969
8.56541 62.9654
8.56773 62.9614
8.57006 62.9571
8.57297 62.9514
8.57529 62.9466
8.57762 62.9414
8.58052 62.9347
8.58285 62.9289
8.58518 62.923
8.58808 62.9152
8.5904 62.9088
8.59273 62.9022
8.59505 62.8954
8.59795 62.8868
8.60027 62.8798
8.60258 62.8727
8.60548 62.8638
8.6078 62.8567
8.61011 62.8496
8.61301 62.8409
8.61532 62.8341
8.61764 62.8275
8.62054 62.8195
8.62285 62.8135
8.62517 62.8077
8.62806 62.8011
8.63038 62.7962
8.6327 62.7919
8.63501 62.7881
8.63791 62.7841
8.64023 62.7816
8.64255 62.7797
8.64546 62.7784
8.64778 62.7782
8.6501 62.7788
8.65301 62.7806
8.65534 62.783
8.65766 62.7862
8.66057 62.7912
8.6629 62.7962
8.66523 62.8018
8.66756 62.8081
8.67046 62.8168
8.67278 62.8243
8.6751 62.8323
8.678 62.8427
8.68032 62.8513
8.68264 62.86
8.68553 62.8709
8.68785 62.8796
8.69016 62.8882
8.69305 62.8986
8.69537 62.9066
8.69768 62.9142
8.70057 62.923
8.70288 62.9295
8.70519 62.9355
8.7075 62.9408
8.71039 62.9466
8.7127 62.9505
8.71502 62.9537
8.71791 62.9568
8.72022 62.9585
8.72253 62.9597
8.72542 62.9604
8.72774 62.9605
8.73005 62.9601
8.73295 62.9591
8.73526 62.9579
8.73758 62.9565
8.74048 62.9544
8.7428 62.9524
8.74512 62.9504
8.74802 62.9476
8.75034 62.9452
8.75267 62.9427
8.75557 62.9396
8.75789 62.937
8.76022 62.9343
8.76254 62.9316
8.76545 62.9282
8.76778 62.9254
8.7701 62.9227
8.77301 62.9194
8.77533 62.9167
8.77766 62.9142
8.78056 62.9112
8.78288 62.9089
8.7852 62.9068
8.78751 62.9049
8.79041 62.9027
8.79273 62.9013
8.79504 62.9
8.79793 62.8988
8.80024 62.8981
8.80256 62.8977
8.80545 62.8974
8.80776 62.8975
8.81007 62.8977
8.81296 62.8983
8.81527 62.8989
8.81759 62.8998
8.82048 62.901
8.8228 62.9022
8.82511 62.9036
8.82801 62.9054
8.83033 62.9071
8.83265 62.9089
8.83555 62.9113
8.83787 62.9133
8.84019 62.9155
8.84252 62.9177
8.84542 62.9206
8.84775 62.923
8.85008 62.9254
8.85298 62.9284
8.85531 62.9308
8.85763 62.9331
8.86053 62.936
8.86285 62.9382
8.86516 62.9403
8.86806 62.9427
8.87038 62.9444
8.87269 62.946
8.875 62.9473
8.87789 62.9486
8.88021 62.9494
8.88252 62.9498
8.88541 62.9499
8.88772 62.9496
8.89003 62.949
8.89292 62.9476
8.89523 62.9461
8.89754 62.9442
8.90043 62.9412
8.90274 62.9383
8.90505 62.9351
8.90793 62.9304
8.91025 62.9262
8.91256 62.9217
8.91545 62.9156
8.91776 62.9103
8.92008 62.9048
8.92297 62.8978
8.92528 62.892
8.9276 62.8862
8.9305 62.879
8.93282 62.8734
8.93514 62.868
8.93804 62.8617
8.94036 62.8571
8.94268 62.8529
8.94501 62.8493
8.94791 62.8455
8.95024 62.8432
8.95257 62.8414
8.95548 62.8402
8.9578 62.8398
8.96013 62.84
8.96304 62.8409
8.96537 62.8421
8.96769 62.8438
8.97001 62.8457
8.97291 62.8484
8.97523 62.8507
8.97755 62.8531
8.98045 62.8559
8.98276 62.858
8.98508 62.86
8.98797 62.8622
8.99028 62.8638
8.9926 62.865
8.99549 62.8662
8.9978 62.8668
9.00012 62.867
9.00301 62.8668
9.00532 62.8662
9.00763 62.8653
9.01053 62.8638
9.01284 62.8623
9.01515 62.8606
9.01805 62.8583
9.02036 62.8563
9.02268 62.8543
9.02557 62.8516
9.02789 62.8495
9.03021 62.8473
9.03253 62.8451
9.03543 62.8424
9.03775 62.8401
9.04007 62.8379
9.04298 62.8351
9.0453 62.8328
9.04763 62.8305
9.05054 62.8275
9.05287 62.825
9.0552 62.8225
9.05752 62.8198
9.06043 62.8164
9.06276 62.8136
9.06509 62.8107
9.068 62.8068
9.07032 62.8036
9.07265 62.8003
9.07556 62.7961
9.07789 62.7925
9.08021 62.789
9.08253 62.7853
9.08544 62.7807
9.08776 62.777
9.09008 62.7733
9.09298 62.7689
9.0953 62.7654
9.09762 62.7622
9.10051 62.7584
9.10283 62.7556
9.10515 62.7532
9.10805 62.7505
9.11036 62.7488
9.11268 62.7474
9.11558 62.7462
9.11789 62.7457
9.12021 62.7455
9.12253 62.7457
9.12543 62.7465
9.12775 62.7476
9.13007 62.749
9.13297 62.7512
9.13529 62.7533
9.13761 62.7558
9.14051 62.7592
9.14284 62.7623
9.14516 62.7656
9.14807 62.7701
9.15039 62.774
9.15272 62.778
9.15505 62.7823
9.15796 62.7878
9.16029 62.7924
9.16262 62.7972
9.16553 62.8033
9.16785 62.8084
9.17018 62.8135
9.17308 62.8199
9.1754 62.8251
9.17772 62.8303
9.18004 62.8354
9.18293 62.8416
9.18525 62.8464
9.18757 62.851
9.19046 62.8564
9.19277 62.8604
9.19509 62.8641
9.19798 62.8683
9.20029 62.8712
9.20261 62.8739
9.2055 62.8766
9.20781 62.8785
9.21012 62.88
9.21301 62.8815
9.21532 62.8825
9.21764 62.8831
9.22053 62.8837
9.22284 62.8839
9.22515 62.8839
9.22805 62.8838
9.23036 62.8835
9.23268 62.8831
9.23557 62.8824
9.23789 62.8817
9.24021 62.8808
9.24252 62.8799
9.24542 62.8785
9.24774 62.8772
9.25006 62.8758
9.25297 62.8739
9.25529 62.8723
9.25761 62.8706
9.26052 62.8684
9.26285 62.8666
9.26517 62.8648
9.26808 62.8627
9.27041 62.861
9.27274 62.8594
9.27506 62.8579
9.27797 62.8562
9.28029 62.855
9.28262 62.854
9.28552 62.8529
9.28784 62.8523
9.29016 62.8517
9.29305 62.8512
9.29537 62.851
9.29769 62.8508
9.30001 62.8507
9.3029 62.8507
9.30522 62.8507
9.30753 62.8508
9.31043 62.8509
9.31274 62.8511
9.31506 62.8512
9.31795 62.8515
9.32027 62.8517
9.32258 62.852
9.32548 62.8524
9.32779 62.8527
9.33011 62.8531
9.33301 62.8537
9.33533 62.8542
9.33764 62.8547
9.34054 62.8555
9.34286 62.8562
9.34519 62.8569
9.34751 62.8577
9.35041 62.8587
9.35274 62.8596
9.35506 62.8605
9.35797 62.8616
9.3603 62.8625
9.36262 62.8634
9.36553 62.8644
9.36786 62.8651
9.37018 62.8657
9.37308 62.8662
9.3754 62.8665
9.37772 62.8665
9.38004 62.8664
9.38293 62.8658
9.38525 62.865
9.38756 62.864
9.39045 62.8621
9.39277 62.8603
9.39508 62.8581
9.39797 62.8548
9.40028 62.8518
9.40259 62.8484
9.40548 62.8437
9.40779 62.8396
9.4101 62.8352
9.41299 62.8294
9.4153 62.8244
9.41761 62.8194
9.4205 62.8129
9.42281 62.8076
9.42512 62.8024
9.42801 62.796
9.43033 62.791
9.43264 62.7862
9.43553 62.7806
9.43785 62.7765
9.44016 62.7728
9.44306 62.7686
9.44537 62.7658
9.44769 62.7635
9.45001 62.7616
9.45291 62.7599
9.45523 62.759
9.45755 62.7586
9.46045 62.7587
9.46278 62.7591
9.4651 62.7599
9.46801 62.7613
9.47033 62.7626
9.47266 62.764
9.47557 62.766
9.4779 62.7676
9.48023 62.7691
9.48256 62.7706
9.48547 62.7723
9.4878 62.7735
9.49012 62.7746
9.49302 62.7756
9.49535 62.7763
9.49767 62.7767
9.50057 62.777
9.50289 62.7771
9.50521 62.777
9.50752 62.7768
9.51042 62.7764
9.51274 62.776
9.51505 62.7755
9.51795 62.7748
9.52026 62.7742
9.52257 62.7735
9.52547 62.7727
9.52778 62.7719
9.5301 62.7712
9.53299 62.7702
9.5353 62.7694
9.53762 62.7685
9.54051 62.7673
9.54282 62.7663
9.54514 62.7652
9.54803 62.7637
9.55035 62.7624
9.55267 62.7609
9.55556 62.759
9.55788 62.7572
9.5602 62.7554
9.56252 62.7534
9.56542 62.7507
9.56774 62.7483
9.57006 62.7458
9.57297 62.7425
9.57529 62.7396
9.57762 62.7367
9.58053 62.7327
9.58286 62.7294
9.58519 62.726
9.58752 62.7225
9.59043 62.7179
9.59276 62.7141
9.59509 62.7103
9.598 62.7054
9.60033 62.7014
9.60266 62.6975
9.60557 62.6926
9.6079 62.6887
9.61023 62.6848
9.61255 62.6811
9.61546 62.6766
9.61779 62.6731
9.62012 62.6698
9.62302 62.6659
9.62534 62.663
9.62767 62.6603
9.63057 62.6573
9.63289 62.6551
9.63521 62.6533
9.63753 62.6517
9.64043 62.6501
9.64275 62.6492
9.64507 62.6487
9.64797 62.6486
9.65029 62.6489
9.65261 62.6497
9.6555 62.6512
9.65782 62.653
9.66014 62.6552
9.66304 62.6587
9.66536 62.6621
9.66768 62.6659
9.67058 62.6714
9.6729 62.6763
9.67522 62.6816
9.67754 62.6873
9.68044 62.6949
9.68277 62.7014
9.68509 62.708
9.68799 62.7166
9.69032 62.7236
9.69265 62.7307
9.69556 62.7395
9.69788 62.7464
9.70021 62.7532
9.70254 62.7597
9.70546 62.7675
9.70779 62.7733
9.71012 62.7787
9.71304 62.7849
9.71537 62.7893
9.71769 62.7932
9.72002 62.7967
9.72293 62.8003
9.72525 62.8027
9.72757 62.8046
9.73048 62.8064
9.7328 62.8074
9.73512 62.808
9.73802 62.8084
9.74033 62.8084
9.74265 62.8082
9.74555 62.8075
9.74786 62.8068
9.75018 62.8059
9.75307 62.8045
9.75538 62.8033
9.7577 62.8019
9.76001 62.8004
9.7629 62.7983
9.76522 62.7965
9.76753 62.7945
9.77042 62.7919
9.77273 62.7898
9.77505 62.7875
9.77794 62.7847
9.78025 62.7823
9.78257 62.78
9.78546 62.7773
9.78777 62.7752
9.79009 62.7732
9.79298 62.7711
9.7953 62.7696
9.79762 62.7685
9.80051 62.7674
9.80283 62.767
9.80515 62.7669
9.80805 62.7673
9.81037 62.768
9.81269 62.769
9.81501 62.7703
9.81792 62.7724
9.82024 62.7743
9.82257 62.7764
9.82548 62.7793
9.82781 62.7817
9.83014 62.7842
9.83305 62.7874
9.83538 62.7899
9.83771 62.7923
9.84003 62.7947
9.84294 62.7974
9.84527 62.7995
9.84759 62.8014
9.85049 62.8035
9.85281 62.805
9.85513 62.8062
9.85803 62.8075
9.86035 62.8083
9.86267 62.8089
9.86557 62.8094
9.86789 62.8095
9.87021 62.8094
9.87252 62.8092
9.87542 62.8086
9.87774 62.8079
9.88005 62.807
9.88295 62.8057
9.88526 62.8045
9.88758 62.8031
9.89048 62.8012
9.89279 62.7996
9.89511 62.7978
9.89801 62.7955
9.90033 62.7934
9.90264 62.7913
9.90554 62.7884
9.90786 62.786
9.91018 62.7834
9.9125 62.7807
9.9154 62.7771
9.91773 62.774
9.92005 62.7707
9.92295 62.7662
9.92528 62.7625
9.92761 62.7585
9.93051 62.7532
9.93284 62.7488
9.93517 62.7442
9.93808 62.7381
9.94041 62.7331
9.94273 62.7279
