#t,ms p
0.003 0.0427
0.005 0.0427
0.008 0.0427
0.01 0.0427
0.0129324 0.0427
0.0152784 0.0427
0.0176291 0.0427
0.0205694 0.0427
0.0229245 0.0427
0.0252824 0.0427
0.0276402 0.0427
0.0305804 0.0427
0.0329326 0.0427
0.0352671 0.0427
0.0375956 0.0427
0.040494 0.0427
0.0427981 0.0427
0.0451022 0.0427
0.0479388 0.0427
0.0502082 0.0427
0.0530041 0.0427
0.0552327 0.0427
0.0579873 0.0427
0.0601743 0.0427
0.0628915 0.0427
0.0650454 0.0427
0.0677309 0.0427
0.0703885 0.0427
0.0725147 0.0427
0.0751435 0.0427
0.0777723 0.0427
0.0803793 0.0427
0.0829862 0.0427
0.0850594 0.0427
0.0876508 0.0427
0.090234 0.0427
0.0928152 0.0427
0.0953792 0.0427
0.0979388 0.0427
0.100475 0.0427
0.103006 0.0427
0.105016 0.0427
0.107524 0.0427
0.11002 0.0427
0.112509 0.0427
0.115485 0.0427
0.117961 0.0427
0.120429 0.0427
0.122896 0.0427
0.125358 0.0427
0.127819 0.0427
0.130279 0.0427
0.132739 0.0427
0.135199 0.0427
0.13766 0.0427
0.140113 0.0427
0.142564 0.0427
0.145009 0.0427
0.147941 0.0427
0.150379 0.0427
0.152817 0.0427
0.155251 0.0427
0.157686 0.0427
0.160119 0.0427
0.162553 0.0427
0.165473 0.0427
0.167908 0.0427
0.170344 0.0427
0.17278 0.0427
0.175219 0.0427
0.177658 0.0427
0.180096 0.0427
0.182534 0.0427
0.185458 0.0427
0.187895 0.0427
0.190332 0.0427
0.192769 0.0427
0.195206 0.0427
0.197644 0.0427
0.200084 0.0427
0.202524 0.0427
0.205454 0.0427
0.207897 0.0427
0.210342 0.0427
0.212788 0.0427
0.215236 0.0427
0.217684 0.0427
0.220132 0.0427
0.222581 0.0427
0.225029 0.0427
0.227969 0.0427
0.23042 0.0427
0.232872 0.0427
0.235324 0.0427
0.237778 0.0427
0.240232 0.0427
0.242687 0.0427
0.245143 0.0427
0.247601 0.0427
0.250059 0.0427
0.252517 0.0427
0.255468 0.0427
0.257927 0.0427
0.260387 0.0427
0.262847 0.0427
0.265308 0.0427
0.267769 0.0427
0.27023 0.0427
0.272692 0.0427
0.275154 0.0427
0.277616 0.0427
0.280079 0.0427
0.282542 0.0427
0.285005 0.0427
0.287961 0.0427
0.290425 0.0427
0.292888 0.0427
0.295351 0.0427
0.297815 0.0427
0.300278 0.0427
0.302742 0.0427
0.305205 0.0427
0.307668 0.0427
0.310131 0.0427
0.312594 0.0427
0.315058 0.0427
0.317521 0.0427
0.320477 0.0427
0.322941 0.0427
0.325404 0.0427
0.327867 0.0427
0.33033 0.0427
0.332793 0.0427
0.335256 0.0427
0.337719 0.0427
0.340182 0.0427
0.342644 0.0427
0.345107 0.0427
0.347569 0.0427
0.350032 0.0427
0.352987 0.0427
0.355449 0.0427
0.357912 0.0427
0.360375 0.0427
0.362838 0.0427
0.365301 0.0427
0.367764 0.0427
0.370227 0.0427
0.372691 0.0427
0.375154 0.0427
0.377618 0.0427
0.380082 0.0427
0.382546 0.0427
0.38501 0.0427
0.387967 0.0427
0.390432 0.0427
0.392896 0.0427
0.395361 0.0427
0.397825 0.0427
0.40029 0.0427
0.402754 0.0427
0.405219 0.0427
0.407684 0.0427
0.410149 0.0427
0.412614 0.0427
0.41508 0.0427
0.417545 0.0427
0.42001 0.0427
0.422969 0.0427
0.425435 0.0427
0.4279 0.0427
0.430367 0.0427
0.432833 0.0427
0.4353 0.0427
0.437766 0.0427
0.440233 0.0427
0.4427 0.0427
0.445166 0.0427
0.447633 0.0427
0.4501 0.0427
0.452567 0.0427
0.455035 0.0427
0.457502 0.0427
0.460463 0.0427
0.462931 0.0427
0.465399 0.0427
0.467867 0.0427
0.470334 0.0427
0.472802 0.0427
0.475269 0.0427
0.477736 0.0427
0.480203 0.0427
0.48267 0.0427
0.485137 0.0427
0.487604 0.0427
0.490071 0.0427
0.492538 0.0427
0.495005 0.0427
0.497965 0.0427
0.500431 0.0427
0.502898 0.0427
0.505364 0.0427
0.50783 0.0427
0.510296 0.0427
0.512761 0.0427
0.515227 0.0427
0.517693 0.0427
0.520158 0.0427
0.522624 0.0427
0.525089 0.0427
0.527554 0.0427
0.530019 0.0427
0.532976 0.0427
0.53544 0.0427
0.537904 0.0427
0.540368 0.0427
0.542831 0.0427
0.545294 0.0427
0.547757 0.0427
0.55022 0.0427
0.552682 0.0427
0.555143 0.0427
0.557605 0.0427
0.560066 0.0427
0.562527 0.0427
0.56548 0.0427
0.56794 0.0427
0.5704 0.0427
0.57286 0.0427
0.57532 0.0427
0.577779 0.0427
0.580238 0.0427
0.582696 0.0427
0.585154 0.0427
0.587611 0.0427
0.590068 0.0427
0.592525 0.0427
0.595472 0.0427
0.597928 0.0427
0.600383 0.0427
0.602838 0.0427
0.605293 0.0427
0.607747 0.0427
0.6102 0.0427
0.612653 0.0427
0.615106 0.0427
0.617558 0.0427
0.62001 0.0427
0.622952 0.0427
0.625403 0.0427
0.627854 0.0427
0.630304 0.0427
0.632754 0.0427
0.635204 0.0427
0.637652 0.0427
0.640101 0.0427
0.642549 0.0427
0.645486 0.0427
0.647933 0.0427
0.650379 0.0427
0.652825 0.0427
0.65527 0.0427
0.657715 0.0427
0.660159 0.0427
0.662603 0.0427
0.665047 0.0427
0.667978 0.0427
0.67042 0.0427
0.672862 0.0427
0.675304 0.0427
0.677745 0.0427
0.680185 0.0427
0.682625 0.0427
0.685064 0.0427
0.687503 0.0427
0.690429 0.0427
0.692867 0.0427
0.695304 0.0427
0.697741 0.0427
0.700177 0.0427
0.702612 0.0427
0.705047 0.0427
0.707968 0.0427
0.710402 0.0427
0.712835 0.0427
0.715267 0.0427
0.7177 0.0427
0.720131 0.0427
0.722562 0.0427
0.725477 0.0427
0.727907 0.0427
0.730336 0.0427
0.732764 0.0427
0.735192 0.0427
0.737619 0.0427
0.740045 0.0427
0.742957 0.0427
0.745382 0.0427
0.747807 0.0427
0.75023 0.0427
0.752654 0.0427
0.755076 0.0427
0.757982 0.0427
0.760403 0.0427
0.762822 0.0427
0.765241 0.0427
0.767658 0.0427
0.770075 0.0427
0.772973 0.0427
0.775388 0.0427
0.777801 0.0427
0.780214 0.0427
0.782625 0.0427
0.785035 0.0427
0.787926 0.0427
0.790334 0.0427
0.792739 0.0427
0.795145 0.0427
0.797548 0.0427
0.800431 0.0427
0.802831 0.0427
0.805231 0.0427
0.807629 0.0427
0.810027 0.0427
0.812902 0.0427
0.815296 0.0427
0.817689 0.0427
0.820081 0.0427
0.82295 0.0427
0.825339 0.0427
0.827728 0.0427
0.830115 0.0427
0.832501 0.0427
0.835362 0.0427
0.837745 0.0427
0.840127 0.0427
0.842508 0.0427
0.845363 0.0427
0.847741 0.0427
0.850117 0.0427
0.852968 0.0427
0.855342 0.0427
0.857715 0.0427
0.860086 0.0427
0.86293 0.0427
0.865299 0.0427
0.867666 0.0427
0.870033 0.0427
0.872871 0.0427
0.875235 0.0427
0.877597 0.0427
0.880431 0.0427
0.882791 0.0427
0.88515 0.0427
0.887508 0.0427
0.890336 0.0427
0.892691 0.0427
0.895046 0.0427
0.897869 0.0427
0.900221 0.0427
0.902572 0.0427
0.905391 0.0427
0.907739 0.0427
0.910086 0.0427
0.912901 0.0427
0.915245 0.0427
0.917589 0.0427
0.920399 0.0427
0.922741 0.0427
0.92508 0.0427
0.927887 0.0427
0.930224 0.0427
0.932562 0.0427
0.935364 0.0427
0.937699 0.0427
0.940032 0.0427
0.94283 0.0427
0.945161 0.0427
0.947956 0.0426999
0.950285 0.0426995
0.952612 0.0426978
0.955404 0.0426772
0.957728 0.0425119
0.960052 0.0418395
0.962839 0.00757593
0.965161 0.00761917
0.967945 0.00777894
0.970264 0.00777517
0.972582 0.00777334
0.975363 0.00777368
0.977678 0.00777388
0.980456 0.00777415
0.98277 0.0077749
0.985082 0.00778082
0.987856 0.00788941
0.990166 0.00900749
0.992938 0.025263
0.995245 0.109901
0.997553 0.517539
1.00032 1.85899
1.00262 3.39364
1.00539 4.93955
1.00769 5.70681
1.01045 6.16333
1.01275 6.33447
1.01505 6.41603
1.01781 6.46106
1.02011 6.47987
1.02286 6.49231
1.02516 6.49606
1.02791 6.49384
1.0302 6.4886
1.03295 6.48219
1.03524 6.47915
1.03753 6.47865
1.04027 6.48052
1.04256 6.48302
1.0453 6.48579
1.04759 6.48724
1.05033 6.48782
1.05261 6.4877
1.05535 6.48752
1.05763 6.48776
1.06036 6.48871
1.06264 6.48997
1.06537 6.49176
1.06765 6.49329
1.07038 6.49503
1.07265 6.49639
1.07538 6.49799
1.07765 6.49939
1.08038 6.50122
1.08264 6.50288
1.08537 6.50501
1.08763 6.50686
1.09035 6.50913
1.09262 6.51105
1.09533 6.51341
1.0976 6.51544
1.10031 6.51795
1.10257 6.52012
1.10528 6.52279
1.10754 6.52505
1.11025 6.52778
1.1125 6.53003
1.11521 6.53271
1.11791 6.53533
1.12017 6.53746
1.12287 6.53997
1.12512 6.54203
1.12782 6.54446
1.13007 6.54645
1.13276 6.5488
1.13501 6.55074
1.1377 6.55304
1.14039 6.55531
1.14264 6.5572
1.14533 6.55945
1.14757 6.56131
1.15025 6.56352
1.15294 6.56567
1.15518 6.56741
1.15786 6.56943
1.1601 6.57105
1.16278 6.57293
1.16501 6.57444
1.16769 6.5762
1.17036 6.57789
1.17259 6.57924
1.17526 6.5808
1.17794 6.58231
1.18017 6.58353
1.18284 6.58496
1.18507 6.58615
1.18775 6.58755
1.19043 6.58895
1.19267 6.5901
1.19535 6.59142
1.19758 6.59245
1.20027 6.59359
1.2025 6.59445
1.20519 6.59536
1.20788 6.59616
1.21012 6.59675
1.21281 6.5974
1.21505 6.59792
1.21774 6.59853
1.22043 6.59914
1.22268 6.59965
1.22537 6.60028
1.22762 6.60082
1.23032 6.60145
1.23257 6.60195
1.23527 6.60249
1.23752 6.60291
1.24022 6.60343
1.24292 6.60399
1.24517 6.60449
1.24788 6.60508
1.25013 6.60554
1.25284 6.60603
1.2551 6.60632
1.25781 6.60648
1.26007 6.6064
1.26278 6.60618
1.26504 6.60604
1.26776 6.6061
1.27002 6.60638
1.27274 6.60697
1.275 6.60755
1.27772 6.60819
1.28044 6.60859
1.28271 6.60867
1.28543 6.60853
1.2877 6.6083
1.29043 6.60806
1.2927 6.60797
1.29543 6.60804
1.2977 6.60822
1.30043 6.60846
1.30271 6.6086
1.30544 6.60862
1.30772 6.60848
1.31045 6.60815
1.31273 6.60778
1.31501 6.60738
1.31775 6.60689
1.32003 6.60648
1.32277 6.60591
1.32506 6.60533
1.3278 6.60442
1.33008 6.60342
1.33283 6.60193
1.33512 6.60044
1.33786 6.59839
1.34015 6.59654
1.3429 6.59416
1.34519 6.59207
1.34794 6.58951
1.35024 6.58737
1.35253 6.58532
1.35528 6.58308
1.35758 6.5815
1.36033 6.58003
1.36263 6.57917
1.36539 6.57851
1.36769 6.57802
1.37045 6.57733
1.37275 6.5763
1.37505 6.5747
1.37781 6.57182
1.38012 6.56885
1.38288 6.56521
1.38518 6.5627
1.38795 6.56084
1.39026 6.56022
1.39256 6.56
1.39533 6.5594
1.39764 6.55811
1.40041 6.55545
1.40272 6.55232
1.40504 6.54836
1.40781 6.54233
1.41012 6.5361
1.4129 6.52697
1.41521 6.51815
1.41753 6.50852
1.42031 6.49644
1.42262 6.4864
1.4254 6.47488
1.42772 6.46591
1.43004 6.45755
1.43283 6.4482
1.43515 6.44077
1.43793 6.43204
1.44025 6.42472
1.44258 6.41726
1.44536 6.40803
1.44769 6.40014
1.45001 6.39207
1.4528 6.38225
1.45513 6.37418
1.45792 6.36461
1.46025 6.35705
1.46258 6.35001
1.46538 6.34274
1.46771 6.3375
1.47004 6.33262
1.47284 6.32643
1.47517 6.32052
1.4775 6.31339
1.48031 6.3029
1.48264 6.29233
1.48545 6.27809
1.48779 6.26575
1.49013 6.25384
1.49293 6.24105
1.49528 6.23228
1.49762 6.22536
1.50043 6.21863
1.50278 6.21296
1.50513 6.20614
1.50794 6.19588
1.5103 6.18561
1.51265 6.17416
1.515 6.16174
1.51783 6.14571
1.52019 6.13154
1.52255 6.11653
1.52538 6.09734
1.52775 6.0797
1.53012 6.05961
1.53297 6.03036
1.53534 5.99953
1.53772 5.9603
1.5401 5.90955
1.54297 5.82788
1.54536 5.73658
1.54775 5.61741
1.55015 5.46297
1.55255 5.26441
1.55544 4.95406
1.55785 4.62027
1.56027 4.20097
1.56269 3.67902
1.56512 3.04526
1.56755 2.32579
1.57048 1.46957
1.57293 0.880244
1.57538 0.496185
1.57784 0.286903
1.58031 0.181179
1.58278 0.128042
1.58526 0.101291
1.58775 0.0876219
1.59024 0.0806263
1.59274 0.0770077
1.59524 0.0751382
1.59776 0.0741625
1.60028 0.0736528
1.60281 0.0733815
1.60534 0.073236
1.60789 0.0731542
1.61044 0.0731072
1.613 0.0730781
1.61505 0.0730614
1.61763 0.0730479
1.62021 0.073037
1.62281 0.0730298
1.62541 0.0730254
1.6275 0.0730213
1.63012 0.0730228
1.63275 0.0730178
1.63539 0.0730193
1.6375 0.0952567
1.64016 0.205163
1.64282 0.299509
1.6455 0.355495
1.64764 0.381427
1.65034 0.401532
1.65304 0.413049
1.65521 0.418431
1.65793 0.422333
1.66011 0.424135
1.66285 0.42544
1.66505 0.426041
1.6678 0.426478
1.67001 0.426679
1.67278 0.426826
1.675 0.426893
1.67779 0.426942
1.68002 0.426964
1.68282 0.426981
1.68506 0.426988
1.68788 0.426994
1.69013 0.426996
1.69296 0.426998
1.69523 0.426999
1.69807 0.426999
1.70035 0.427
1.70263 0.427
1.7055 0.427
1.7078 0.427
1.7101 0.427
1.71299 0.427
1.7153 0.427
1.71763 0.427
1.72054 0.427
1.72287 0.427
1.72521 0.427
1.72756 0.427
1.7305 0.427
1.73285 0.427
1.7352 0.427
1.73755 0.427
1.74038 0.427
1.74265 0.427
1.74536 0.427
1.74803 0.427
1.7502 0.427
1.75291 0.427
1.75507 0.427
1.75774 0.427
1.76038 0.427
1.76298 0.427
1.76506 0.427
1.76768 0.427
1.77029 0.427
1.7729 0.427
1.77551 0.427
1.77758 0.427
1.78018 0.427
1.78281 0.427
1.78543 0.427
1.7875 0.427
1.7901 0.427
1.79275 0.427
1.79542 0.427
1.79754 0.427
1.80017 0.427
1.8028 0.427
1.80542 0.427
1.80752 0.427
1.81016 0.427
1.81279 0.427
1.81541 0.427
1.81751 0.427
1.82013 0.427
1.82276 0.427
1.82544 0.427
1.82759 0.427
1.83023 0.427
1.83288 0.427
1.83501 0.427
1.83768 0.427
1.84033 0.427
1.84297 0.427
1.84508 0.427
1.84771 0.427
1.85038 0.427
1.85253 0.427
1.85521 0.427
1.85789 0.427
1.86004 0.427
1.86273 0.427
1.86542 0.427
1.86754 0.427
1.8702 0.427
1.8729 0.427
1.87506 0.427
1.87775 0.427
1.88044 0.427
1.88259 0.427
1.88528 0.427
1.88798 0.427
1.89014 0.427
1.89283 0.427
1.89551 0.427
1.89765 0.427
1.90034 0.427
1.90302 0.427
1.90518 0.427
1.90787 0.427
1.91051 0.427
1.91263 0.427
1.91533 0.427
1.91803 0.427
1.92019 0.427
1.92288 0.427
1.92506 0.427
1.9278 0.427
1.93051 0.427
1.93263 0.427
1.9353 0.427
1.93798 0.427
1.94012 0.427
1.9428 0.427
1.94548 0.427
1.94764 0.427
1.95033 0.427
1.9525 0.427
1.95522 0.427
1.95793 0.427
1.96008 0.427
1.96278 0.427
1.96548 0.427
1.96763 0.427
1.9703 0.427
1.97298 0.427
1.97513 0.427
1.97782 0.427
1.9805 0.427
1.98264 0.427
1.98533 0.427
1.98801 0.427
1.99016 0.427
1.99285 0.427
1.995 0.427
1.9977 0.427
2.00039 0.427
2.00253 0.427
2.00521 0.427
2.00793 0.427
2.0101 0.427
2.0128 0.427
2.0155 0.427
2.01765 0.427
2.02033 0.427
2.02304 0.427
2.02521 0.427
2.02792 0.427
2.03009 0.427
2.03279 0.427
2.03549 0.427
2.03765 0.427
2.04033 0.427
2.04303 0.427
2.0452 0.427
2.04791 0.427
2.05008 0.427
2.0528 0.427
2.0555 0.427
2.05766 0.427
2.06037 0.427
2.06254 0.427
2.06525 0.427
2.06795 0.427
2.07011 0.427
2.07281 0.427
2.07552 0.427
2.07767 0.427
2.08036 0.427
2.08257 0.427
2.08533 0.427
2.08751 0.427
2.09022 0.427
2.09292 0.427
2.09508 0.427
2.09778 0.427
2.10048 0.427
2.10263 0.427
2.10533 0.427
2.10803 0.427
2.1102 0.427
2.11292 0.427
2.1151 0.427
2.11782 0.427
2.12053 0.427
2.12271 0.427
2.12542 0.427
2.12758 0.427
2.13028 0.427
2.13298 0.427
2.13514 0.427
2.13785 0.427
2.14002 0.427
2.14273 0.427
2.14543 0.427
2.1476 0.427
2.1503 0.427
2.153 0.427
2.15516 0.427
2.15786 0.427
2.16001 0.427
2.16271 0.427
2.16541 0.427
2.16758 0.427
2.17027 0.427
2.17297 0.427
2.17513 0.0767756
2.17784 0.0767302
2.1805 0.076687
2.18263 0.0766399
2.18535 0.076587
2.18754 0.0765521
2.19025 0.0765182
2.19296 0.0764935
2.19514 0.0764788
2.19787 0.0764654
2.20005 0.0764578
2.20272 0.0764511
2.20539 0.103559
2.20753 0.0908433
2.21021 0.0838503
2.2129 0.0813426
2.21505 0.0803254
2.21773 0.0817597
2.22041 0.088827
2.22257 0.101066
2.22528 0.128284
2.22797 0.259307
2.23011 0.725424
2.23279 2.14635
2.23547 4.78827
2.23763 5.73472
2.24034 4.64067
2.2425 5.73244
2.24521 8.90346
2.24791 13.8058
2.25005 19.3471
2.25272 27.3885
2.2554 35.7079
2.25754 41.8499
2.26025 48.5883
2.26297 54.3552
2.26513 58.4542
2.26782 58.4386
2.2705 64.6776
2.27264 68.5517
2.27532 72.5746
2.27801 75.6538
2.28017 77.0673
2.2829 77.7729
2.28508 78.2847
2.28777 79.8439
2.29045 81.9382
2.29259 83.8032
2.29527 85.7697
2.29797 87.3454
2.30014 88.8178
2.30283 90.6856
2.30552 92.1738
2.30767 92.9071
2.31036 93.1516
2.31252 92.845
2.31523 91.9708
2.31794 90.8271
2.3201 90.0021
2.32281 89.2545
2.32552 88.9068
2.32767 89.0155
2.3304 89.5975
2.33259 90.2262
2.33532 91.0352
2.33802 91.9076
2.34019 92.5704
2.3429 93.1276
2.34507 93.2404
2.34778 92.878
2.35049 91.9911
2.35264 91.0417
2.35534 89.7938
2.35803 88.6553
2.36018 87.8449
2.36288 87.0415
2.36503 86.6755
2.36775 86.5959
2.37051 86.834
2.3727 87.1741
2.3754 87.6899
2.37756 88.1881
2.38029 88.8853
2.38301 89.4476
2.38521 89.689
2.38795 89.4855
2.39012 89.0019
2.39282 88.2129
2.39501 87.5698
2.39777 86.8372
2.40051 86.1593
2.40267 85.6571
2.40538 85.146
2.40755 84.8935
2.41027 84.801
2.41298 84.8404
2.41515 84.9225
2.41786 85.0825
2.42003 85.2824
2.42276 85.6226
2.4255 85.9532
2.42768 86.1314
2.43039 86.1628
2.43256 86.0076
2.4353 85.5873
2.43805 85.0639
2.44024 84.6298
2.44299 84.0979
2.44516 83.6758
2.44787 83.1631
2.45007 82.8107
2.45283 82.5007
2.45502 82.3714
2.45773 82.3384
2.46047 82.4095
2.46268 82.5301
2.46544 82.748
2.46762 82.9536
2.47035 83.2212
2.47255 83.3935
2.4753 83.5072
2.47804 83.484
2.48023 83.3611
2.48296 83.1123
2.48515 82.8662
2.48788 82.5328
2.49007 82.26
2.49282 81.9124
2.49502 81.6403
2.49777 81.3361
2.50051 81.1082
2.5027 80.9929
2.50543 80.914
2.50761 80.8782
2.51033 80.8416
2.51252 80.803
2.51525 80.7265
2.51799 80.6122
2.52018 80.4933
2.52293 80.3163
2.52512 80.162
2.52787 79.9678
2.53007 79.8197
2.5328 79.6525
2.53554 79.513
2.53771 79.4319
2.54043 79.3876
2.54261 79.4058
2.54534 79.4936
2.54752 79.6117
2.55023 79.7923
2.55296 79.9708
2.55515 80.0793
2.5579 80.1413
2.56008 80.1206
2.5628 80.0125
2.56553 79.8376
2.5677 79.6705
2.57042 79.4477
2.5726 79.2644
2.57532 79.0347
2.57751 78.8571
2.58024 78.6638
2.58297 78.5329
2.58516 78.4867
2.58792 78.507
2.59014 78.5813
2.59288 78.7184
2.59507 78.8289
2.5978 78.9086
2.60054 78.8818
2.60273 78.7829
2.60547 78.5934
2.60767 78.4148
2.61042 78.1797
2.61262 77.9904
2.61538 77.7581
2.61759 77.5797
2.62033 77.3775
2.62252 77.2444
2.62527 77.1334
2.62804 77.1038
2.63024 77.1417
2.63298 77.2567
2.63517 77.3943
2.63792 77.6049
2.64013 77.7807
2.64287 77.9725
2.64506 78.0846
2.64782 78.1657
2.65003 78.1902
2.65279 78.1893
2.65552 78.1727
2.65772 78.1571
2.66046 78.1406
2.66266 78.1338
2.66539 78.1439
2.66758 78.1781
2.67032 78.2654
2.6725 78.3748
2.67526 78.5569
2.67801 78.767
2.68021 78.9302
2.68296 79.0953
2.68516 79.1792
2.68792 79.2175
2.69013 79.2041
2.69287 79.1533
2.69506 79.0983
2.69782 79.0227
2.70003 78.9619
2.70278 78.8901
2.70553 78.8347
2.70773 78.8153
2.71048 78.8381
2.7127 78.9017
2.71549 79.0369
2.71772 79.178
2.72047 79.3697
2.72267 79.5157
2.72541 79.6604
2.72761 79.7323
2.73035 79.7642
2.73254 79.7512
2.73528 79.7019
2.73802 79.6299
2.74021 79.5617
2.74296 79.4639
2.74517 79.3778
2.74792 79.2744
2.75013 79.2096
2.75287 79.1697
2.75506 79.1795
2.75779 79.2425
2.76052 79.3491
2.76272 79.4549
2.76547 79.5957
2.76767 79.6998
2.77042 79.7998
2.77263 79.8471
2.7754 79.8659
2.77761 79.8561
2.78038 79.8261
2.78259 79.7955
2.78534 79.7544
2.78754 79.7215
2.79029 79.6891
2.79304 79.6819
2.79523 79.7046
2.79796 79.7743
2.80014 79.8604
2.80289 79.9911
2.80509 80.0966
2.80783 80.2029
2.81002 80.2516
2.81277 80.2575
2.81552 80.2075
2.81773 80.138
2.82049 80.0276
2.8227 79.926
2.82547 79.7856
2.82767 79.664
2.83041 79.5163
2.8326 79.4138
2.83536 79.323
2.83756 79.2882
2.84032 79.2932
2.84252 79.3332
2.84528 79.4164
2.84804 79.5148
2.85024 79.586
2.853 79.6427
2.85521 79.6506
2.85798 79.6111
2.86019 79.547
2.86295 79.4399
2.86515 79.34
2.8679 79.2038
2.87011 79.0893
2.87286 78.945
2.87505 78.836
2.8778 78.7185
2.88001 78.6471
2.88277 78.5923
2.88553 78.5736
2.88774 78.5785
2.89052 78.598
2.89274 78.614
2.89551 78.6218
2.89772 78.6117
2.90048 78.5765
2.90268 78.5325
2.90544 78.463
2.90765 78.3999
2.91042 78.3174
2.91264 78.2518
2.91541 78.1755
2.91762 78.1232
2.92039 78.075
2.92261 78.0538
2.92538 78.0501
2.9276 78.0625
2.93036 78.09
2.93257 78.1151
2.93531 78.1412
2.93751 78.1521
2.94028 78.1477
2.94305 78.1206
2.94526 78.0838
2.94801 78.0225
2.95022 77.9646
2.95299 77.8856
2.95519 77.8207
2.95795 77.7424
2.96016 77.6857
2.96293 77.627
2.96515 77.5922
2.96791 77.5634
2.97012 77.5492
2.97288 77.5366
2.97508 77.5256
2.97785 77.5041
2.98007 77.4771
2.98285 77.4292
2.98508 77.3801
2.98787 77.3085
2.99008 77.2463
2.99285 77.1665
2.99507 77.1041
2.99785 77.0323
3.00006 76.9832
3.00281 76.9362
3.00502 76.9127
3.00778 76.9025
3.01054 76.9131
3.01275 76.934
3.01552 76.9708
3.01776 77.0048
3.02055 77.0471
3.02277 77.0774
3.02554 77.1089
3.02776 77.1292
3.03054 77.1498
3.03276 77.1645
3.03553 77.1842
3.03774 77.2037
3.04051 77.2364
3.04272 77.2716
3.04549 77.3291
3.04771 77.3861
3.05048 77.47
3.0527 77.5447
3.05548 77.6427
3.05771 77.7204
3.06049 77.8102
3.06271 77.8725
3.06548 77.9357
3.0677 77.9737
3.07047 78.0056
3.0727 78.02
3.07548 78.0263
3.0777 78.0242
3.08047 78.0157
3.08269 78.0065
3.08549 77.995
3.08772 77.9875
3.0905 77.9811
3.09272 77.978
3.09548 77.9746
3.09769 77.9702
3.10047 77.9593
3.10269 77.9438
3.10547 77.9134
3.1077 77.8789
3.11048 77.8234
3.11269 77.7701
3.11546 77.6942
3.11768 77.6276
3.12046 77.5402
3.1227 77.4686
3.1255 77.3803
3.12772 77.3135
3.13049 77.2363
3.1327 77.1803
3.13549 77.118
3.13771 77.0737
3.14049 77.0235
3.14272 76.9855
3.14549 76.9386
3.1477 76.8996
3.15048 76.8474
3.1527 76.8023
3.15548 76.742
3.15771 76.6913
3.16049 76.6264
3.16271 76.5748
3.16549 76.5126
3.16771 76.466
3.17049 76.4131
3.17273 76.376
3.17552 76.3368
3.17775 76.3112
3.18052 76.2851
3.18274 76.2673
3.18553 76.2468
3.18776 76.2299
3.19054 76.2057
3.19277 76.1823
3.195 76.1542
3.1978 76.1123
3.20002 76.0737
3.2028 76.0195
3.20502 75.9724
3.20781 75.9101
3.21003 75.8588
3.21281 75.7943
3.21503 75.7432
3.21781 75.6806
3.22004 75.6318
3.22282 75.5722
3.22505 75.5249
3.22784 75.4652
3.23007 75.4159
3.23286 75.3515
3.23509 75.2974
3.23788 75.2263
3.24011 75.1672
3.24289 75.0912
3.24512 75.03
3.2479 74.9544
3.25014 74.896
3.25294 74.8274
3.25517 74.7774
3.25795 74.7221
3.26018 74.6841
3.26298 74.6442
3.26521 74.618
3.268 74.5909
3.27024 74.5728
3.27303 74.5527
3.27525 74.5377
3.27804 74.519
3.28028 74.5036
3.28251 74.4878
3.2853 74.4676
3.28753 74.4516
3.29031 74.4325
3.29255 74.4187
3.29533 74.404
3.29756 74.3947
3.30036 74.3864
3.3026 74.3822
3.3054 74.3794
3.30763 74.3783
3.31042 74.377
3.31266 74.375
3.31545 74.3696
3.31769 74.3622
3.32049 74.3481
3.32273 74.3328
3.32552 74.3085
3.32775 74.2855
3.33055 74.2529
3.33278 74.2246
3.33502 74.1952
3.33781 74.1577
3.34005 74.1278
3.34284 74.0913
3.34507 74.0631
3.34786 74.029
3.3501 74.0023
3.3529 73.9691
3.35514 73.9423
3.35794 73.9075
3.36017 73.8783
3.36297 73.8397
3.3652 73.807
3.368 73.7641
3.37024 73.7287
3.37304 73.6838
3.37527 73.6482
3.37751 73.6135
3.3803 73.5725
3.38254 73.5422
3.38534 73.5083
3.38758 73.4846
3.39038 73.4593
3.39262 73.4422
3.39541 73.4242
3.39765 73.4118
3.40045 73.3978
3.40269 73.3871
3.40548 73.3737
3.40772 73.3626
3.41052 73.348
3.41276 73.3358
3.41501 73.3233
3.41781 73.3078
3.42005 73.2961
3.42284 73.2828
3.42508 73.2737
3.42788 73.2649
3.43011 73.26
3.43291 73.2565
3.43515 73.2556
3.43796 73.2563
3.4402 73.2576
3.443 73.2592
3.44524 73.2596
3.44804 73.2583
3.45028 73.255
3.45252 73.2494
3.45532 73.2388
3.45756 73.2276
3.46037 73.2102
3.46261 73.1939
3.46542 73.1714
3.46767 73.1521
3.47047 73.1271
3.47271 73.1069
3.47551 73.0816
3.47775 73.0614
3.48056 73.0361
3.4828 73.0155
3.48505 72.9944
3.48785 72.9665
3.4901 72.9426
3.4929 72.9101
3.49514 72.8817
3.49795 72.843
3.50019 72.8095
3.50299 72.7645
3.50523 72.7264
3.50805 72.6766
3.5103 72.6355
3.51255 72.5939
3.51535 72.5417
3.5176 72.5001
3.5204 72.4488
3.52264 72.4085
3.52546 72.3587
3.52771 72.3196
3.53052 72.2714
3.53277 72.2329
3.53501 72.1942
3.53782 72.145
3.54007 72.1046
3.54287 72.0525
3.54512 72.0094
3.54792 71.9533
3.55017 71.9069
3.55298 71.847
3.55524 71.7978
3.55805 71.7352
3.56029 71.6845
3.56253 71.6332
3.56535 71.5686
3.5676 71.5167
3.57041 71.4516
3.57266 71.3992
3.57547 71.3333
3.57771 71.2801
3.58053 71.2122
3.58279 71.1569
3.58505 71.1007
3.58785 71.0297
3.5901 70.972
3.59291 70.8989
3.59517 70.8401
3.59798 70.7667
3.60023 70.7085
3.60304 70.6367
3.60528 70.5805
3.60753 70.5254
3.61034 70.4582
3.6126 70.4059
3.6154 70.3423
3.61765 70.2926
3.62046 70.2314
3.62271 70.1831
3.62552 70.1234
3.62777 70.076
3.63002 70.0291
3.63283 69.9713
3.63507 69.9262
3.63789 69.8715
3.64014 69.8297
3.64296 69.7808
3.6452 69.7445
3.64802 69.703
3.65028 69.673
3.65254 69.6459
3.65535 69.6161
3.6576 69.595
3.66042 69.5715
3.66267 69.5545
3.66549 69.5352
3.66774 69.5207
3.67056 69.5034
3.67281 69.49
3.67507 69.4769
3.67788 69.4611
3.68014 69.4489
3.68296 69.4347
3.68522 69.4244
3.68804 69.4134
3.69029 69.4065
3.69254 69.4016
3.69537 69.3986
3.69762 69.399
3.70044 69.4028
3.70269 69.4084
3.70551 69.4179
3.70777 69.4269
3.71002 69.4364
3.71284 69.4478
3.7151 69.4558
3.71792 69.4636
3.72017 69.4677
3.723 69.4698
3.72526 69.4693
3.72751 69.4672
3.73033 69.4633
3.73259 69.4599
3.73542 69.4566
3.73767 69.4555
3.74049 69.4575
3.74274 69.4623
3.74501 69.4707
3.74785 69.4861
3.7501 69.5024
3.75292 69.5268
3.75518 69.549
3.758 69.5787
3.76026 69.6026
3.76251 69.6256
3.76533 69.6518
3.76758 69.6697
3.7704 69.6873
3.77266 69.6972
3.77548 69.7039
3.77773 69.7053
3.78055 69.7027
3.78281 69.6982
3.78508 69.6926
3.7879 69.6858
3.79016 69.6821
3.79297 69.6811
3.79523 69.6844
3.79805 69.695
3.80031 69.7088
3.80257 69.7271
3.80539 69.7553
3.80765 69.781
3.81047 69.8147
3.81273 69.841
3.81555 69.8711
3.81781 69.8915
3.82006 69.9077
3.82288 69.9206
3.82514 69.9247
3.82796 69.9222
3.83022 69.9146
3.83305 69.8992
3.8353 69.8833
3.83756 69.8657
3.84038 69.8438
3.84263 69.8281
3.84546 69.8132
3.84772 69.8071
3.85054 69.809
3.8528 69.8192
3.85506 69.8373
3.85789 69.87
3.86014 69.9024
3.86297 69.9478
3.86524 69.9855
3.86806 70.0311
3.87032 70.0643
3.87258 70.0932
3.8754 70.1208
3.87766 70.1353
3.88049 70.1437
3.88276 70.1426
3.88502 70.1348
3.88784 70.1163
3.8901 70.0958
3.89292 70.0652
3.89518 70.0386
3.89801 70.0056
3.90028 69.9814
3.90254 69.9611
3.90537 69.944
3.90763 69.9389
3.91045 69.9458
3.91271 69.962
3.91555 69.9942
3.91782 70.0275
3.92009 70.0655
3.92294 70.1157
3.92519 70.1549
3.92801 70.2004
3.93028 70.2325
3.93255 70.2587
3.9354 70.2813
3.93768 70.2908
3.94054 70.2915
3.9428 70.2834
3.94506 70.2681
3.94789 70.2399
3.95015 70.2106
3.95299 70.1676
3.95527 70.1303
3.95754 70.0934
3.96037 70.0519
3.96263 70.0238
3.96546 69.9979
3.96772 69.9876
3.97055 69.9897
3.97282 70.0036
3.97509 70.028
3.97793 70.0706
3.9802 70.1121
3.98302 70.1707
3.98528 70.2206
3.98755 70.2704
3.99038 70.3277
3.99265 70.3677
3.99549 70.4076
3.99776 70.4305
4.00002 70.445
4.00284 70.4509
4.00511 70.4463
4.00793 70.4293
4.0102 70.4067
4.01303 70.3684
4.0153 70.3314
4.01756 70.2908
4.02039 70.2374
4.02266 70.1965
4.02548 70.1521
4.02775 70.1244
4.03001 70.1054
4.03285 70.0969
4.03512 70.103
4.03795 70.1266
4.04021 70.1571
4.04304 70.2067
4.04531 70.2539
4.04758 70.3059
4.05041 70.3748
4.05267 70.4297
4.0555 70.4946
4.05776 70.5394
4.06003 70.5768
4.06286 70.6125
4.06512 70.6318
4.06795 70.644
4.07022 70.6447
4.07306 70.6338
4.07532 70.6157
4.07759 70.5902
4.08042 70.5498
4.08268 70.5125
4.08552 70.4618
4.08779 70.4208
4.09005 70.3819
4.09288 70.3401
4.09515 70.316
4.09798 70.2995
4.10025 70.2976
4.10251 70.3056
4.10535 70.3292
4.10762 70.3573
4.11046 70.4017
4.11273 70.4429
4.11556 70.5
4.11783 70.5486
4.12009 70.5978
4.12293 70.656
4.12519 70.6983
4.12803 70.7423
4.13029 70.7692
4.13256 70.7884
4.1354 70.8029
4.13768 70.8067
4.14051 70.8009
4.14278 70.788
4.14505 70.7682
4.14789 70.7352
4.15017 70.7038
4.153 70.6603
4.15526 70.6242
4.15754 70.5886
4.16038 70.5476
4.16264 70.5197
4.16548 70.4939
4.16774 70.4817
4.17002 70.4775
4.17286 70.4822
4.17513 70.4936
4.17798 70.5154
4.18024 70.5383
4.18251 70.5655
4.18535 70.6047
4.18762 70.639
4.19046 70.6831
4.19273 70.7185
4.19556 70.7612
4.19784 70.7923
4.20011 70.8183
4.20295 70.8419
4.20522 70.8539
4.20805 70.8601
4.21032 70.8583
4.21259 70.85
4.21543 70.8311
4.21771 70.81
4.22054 70.7777
4.22281 70.7485
4.22508 70.7175
4.22792 70.6782
4.23019 70.6479
4.23302 70.614
4.23529 70.5911
4.23757 70.5727
4.24041 70.5567
4.24268 70.5497
4.24552 70.5474
4.24778 70.5502
4.25005 70.5574
4.25289 70.5725
4.25516 70.589
4.258 70.6139
4.26026 70.6364
4.26253 70.6606
4.26537 70.6919
4.26765 70.7163
4.27049 70.7439
4.27276 70.7627
4.27503 70.7773
4.27787 70.7869
4.28013 70.7869
4.28297 70.7779
4.28525 70.7647
4.28751 70.7467
4.29035 70.7181
4.29262 70.6909
4.29546 70.6529
4.29773 70.6211
4.3 70.5889
4.30284 70.5496
4.30511 70.5198
4.30796 70.4861
4.31023 70.4632
4.31251 70.444
4.31535 70.4254
4.31761 70.415
4.32045 70.4079
4.32272 70.4069
4.32556 70.4114
4.32783 70.4195
4.3301 70.4315
4.33294 70.451
4.33521 70.4695
4.33806 70.4944
4.34033 70.5143
4.34261 70.5326
4.34544 70.5509
4.34771 70.5605
4.35055 70.5646
4.35283 70.5612
4.3551 70.5518
4.35793 70.5323
4.3602 70.5106
4.36304 70.477
4.36532 70.4464
4.36759 70.4136
4.37043 70.3707
4.37271 70.3354
4.37555 70.2914
4.37782 70.2571
4.3801 70.2245
4.38294 70.1874
4.38521 70.1612
4.38805 70.1337
4.39032 70.116
4.39259 70.1022
4.39544 70.0903
4.39771 70.0853
4.40055 70.0852
4.40282 70.0899
4.4051 70.0984
4.40794 70.1139
4.41022 70.1296
4.41306 70.1508
4.41533 70.1675
4.4176 70.1824
4.42045 70.197
4.42272 70.2043
4.42556 70.2069
4.42783 70.2034
4.43011 70.1946
4.43295 70.1761
4.43523 70.1558
4.43807 70.1244
4.44034 70.0951
4.44262 70.0627
4.44546 70.0195
4.44774 69.9843
4.45001 69.9494
4.45285 69.9071
4.45512 69.8748
4.45797 69.8374
4.46025 69.8102
4.46253 69.7855
4.46537 69.7588
4.46764 69.7412
4.47048 69.7245
4.47276 69.7158
4.47504 69.7114
4.47788 69.7121
4.48015 69.7175
4.48299 69.7293
4.48526 69.7417
4.48755 69.7558
4.4904 69.774
4.49267 69.788
4.49551 69.8037
4.49779 69.8138
4.50007 69.821
4.50292 69.8248
4.50519 69.8231
4.50803 69.8148
4.51031 69.8032
4.51258 69.7873
4.51543 69.7619
4.51771 69.7379
4.52056 69.7047
4.52283 69.6764
4.5251 69.6474
4.52795 69.6108
4.53023 69.582
4.53251 69.5538
4.53535 69.5205
4.53763 69.4962
4.54047 69.4696
4.54275 69.4516
4.54503 69.4369
4.54788 69.4237
4.55015 69.4177
4.55299 69.4158
4.55527 69.4186
4.55756 69.4248
4.5604 69.4367
4.56268 69.4489
4.56552 69.4665
4.5678 69.4818
4.57007 69.4973
4.57292 69.5157
4.5752 69.5287
4.57805 69.5414
4.58033 69.5481
4.58261 69.5513
4.58547 69.55
4.58775 69.5449
4.59002 69.5363
4.59287 69.5212
4.59514 69.5062
4.59799 69.4844
4.60027 69.4652
4.60255 69.4449
4.6054 69.4187
4.60767 69.398
4.61052 69.3732
4.61281 69.3549
4.61509 69.3388
4.61794 69.3223
4.62022 69.3124
4.62306 69.3045
4.62534 69.3021
4.62762 69.3031
4.63047 69.3094
4.63275 69.3181
4.63503 69.3298
4.63787 69.3479
4.64015 69.3648
4.64301 69.388
4.64529 69.4072
4.64757 69.4264
4.65042 69.4489
4.6527 69.4649
4.65555 69.4816
4.65783 69.4915
4.66012 69.4982
4.66296 69.5017
4.66524 69.5007
4.66752 69.4964
4.67037 69.4868
4.67265 69.4764
4.6755 69.4608
4.67778 69.4469
4.68006 69.4324
4.68291 69.4144
4.68519 69.4007
4.68805 69.3853
4.69034 69.375
4.69261 69.3669
4.69545 69.3604
4.69774 69.3584
4.70002 69.3597
4.70287 69.3661
4.70515 69.3749
4.708 69.3904
4.71028 69.406
4.71256 69.4242
4.71542 69.4498
4.71771 69.4719
4.72056 69.5002
4.72284 69.5225
4.72512 69.5438
4.72797 69.568
4.73025 69.5846
4.73253 69.5983
4.73539 69.6109
4.73767 69.6173
4.74051 69.6206
4.74279 69.6197
4.74508 69.616
4.74794 69.608
4.75022 69.5995
4.7525 69.5898
4.75535 69.5766
4.75763 69.5661
4.76049 69.5536
4.76278 69.5449
4.76506 69.5378
4.76791 69.5318
4.77019 69.5298
4.77304 69.5311
4.77532 69.5354
4.77761 69.5428
4.78046 69.5564
4.78274 69.5705
4.78502 69.5873
4.78787 69.6116
4.79016 69.6331
4.79302 69.6615
4.7953 69.6846
4.79758 69.7073
4.80043 69.734
4.80272 69.7532
4.80557 69.7736
4.80786 69.7866
4.81014 69.7963
4.81299 69.8037
4.81527 69.8057
4.81755 69.8046
4.8204 69.7992
4.82269 69.7922
4.82555 69.7809
4.82784 69.7704
4.83012 69.7592
4.83297 69.7449
4.83526 69.7338
4.83754 69.7236
4.84039 69.7126
4.84267 69.7057
4.84552 69.7002
4.8478 69.6985
4.85008 69.6995
4.85294 69.7046
4.85523 69.7117
4.85751 69.7214
4.86037 69.7369
4.86265 69.7515
4.8655 69.7718
4.86778 69.7891
4.87008 69.8066
4.87294 69.8278
4.87522 69.8433
4.8775 69.857
4.88036 69.8707
4.88264 69.8784
4.8855 69.8835
4.88779 69.8839
4.89008 69.8809
4.89292 69.8728
4.8952 69.8631
4.89806 69.8475
4.90035 69.8328
4.90264 69.8165
4.9055 69.7948
4.90779 69.777
4.91007 69.7593
4.91293 69.7379
4.91521 69.7219
4.91807 69.704
4.92035 69.6917
4.92263 69.6816
4.92549 69.6722
4.92777 69.6675
4.93005 69.6654
4.93291 69.6661
4.93521 69.6692
4.93806 69.6759
4.94035 69.683
4.94263 69.6911
4.94548 69.7018
4.94777 69.7102
4.95006 69.7176
4.95293 69.7247
4.95521 69.7279
4.95807 69.7281
4.96036 69.7249
4.96264 69.7185
4.9655 69.7058
4.96779 69.6921
4.97008 69.6754
4.97293 69.6509
4.97521 69.6287
4.97806 69.5985
4.98035 69.5728
4.98265 69.5463
4.98552 69.5126
4.98781 69.4859
4.9901 69.46
4.99295 69.4291
4.99524 69.406
4.99752 69.3848
5.00038 69.3612
5.00267 69.345
5.00553 69.3281
5.00781 69.3173
5.01009 69.3089
5.01295 69.3014
5.01524 69.2975
5.01753 69.295
5.0204 69.293
5.02269 69.2917
5.02554 69.2895
5.02783 69.2865
5.03011 69.2817
5.03297 69.2727
5.03527 69.2623
5.03756 69.249
5.04042 69.2279
5.0427 69.2074
5.04556 69.1774
5.04785 69.1501
5.05014 69.1202
5.05301 69.0797
5.0553 69.0453
5.05758 69.0097
5.06043 68.9641
5.06272 68.9273
5.06501 68.8906
5.06787 68.8455
5.07017 68.8107
5.07304 68.7692
5.07533 68.7383
5.07761 68.7096
5.08047 68.6768
5.08276 68.6534
5.08505 68.6324
5.08791 68.6096
5.0902 68.594
5.09306 68.5773
5.09534 68.5657
5.09763 68.5553
5.10049 68.5432
5.10278 68.5335
5.10508 68.5233
5.10795 68.5088
5.11023 68.4953
5.11252 68.4797
5.11538 68.4565
5.11766 68.4348
5.12053 68.4033
5.12283 68.3748
5.12512 68.3435
5.12798 68.3007
5.13027 68.2639
5.13255 68.225
5.13542 68.1743
5.13771 68.1323
5.14001 68.0897
5.14287 68.0362
5.14516 67.9939
5.14802 67.942
5.1503 67.9019
5.15259 67.8633
5.15546 67.8176
5.15776 67.7834
5.16005 67.7518
5.16291 67.7158
5.1652 67.69
5.16806 67.6614
5.17035 67.6412
5.17264 67.6233
5.1755 67.6037
5.17779 67.5897
5.18008 67.5768
5.18294 67.5615
5.18522 67.5492
5.18751 67.5362
5.19038 67.5183
5.19267 67.502
5.19554 67.4786
5.19783 67.4571
5.20012 67.4329
5.20298 67.3987
5.20526 67.3682
5.20755 67.335
5.21041 67.2901
5.21271 67.2516
5.215 67.2114
5.21787 67.1592
5.22016 67.1163
5.22302 67.062
5.22531 67.0185
5.2276 66.9753
5.23048 66.9221
5.23279 66.881
5.23508 66.8416
5.23795 66.7951
5.24024 66.7605
5.24252 66.7283
5.24539 66.6916
5.24768 66.6653
5.25055 66.6361
5.25284 66.6157
5.25513 66.5977
5.25799 66.5782
5.26028 66.5646
5.26257 66.5523
5.26544 66.5381
5.26773 66.527
5.27003 66.5157
5.27289 66.5005
5.27518 66.4869
5.27804 66.4674
5.28033 66.4494
5.28262 66.4291
5.28549 66.4
5.28778 66.3738
5.29008 66.345
5.29294 66.3057
5.29523 66.2718
5.29752 66.2359
5.30038 66.1887
5.30268 66.1495
5.30554 66.0992
5.30784 66.0584
5.31013 66.0174
5.313 65.9667
5.31529 65.9271
5.31758 65.8886
5.32044 65.8427
5.32274 65.8079
5.32504 65.7752
5.32793 65.7374
5.33024 65.71
5.33254 65.6852
5.33542 65.6579
5.33771 65.6389
5.34 65.6224
5.34287 65.6047
5.34516 65.5927
5.34803 65.5798
5.35032 65.5708
5.35261 65.5625
5.35548 65.5525
5.35776 65.5441
5.36006 65.535
5.36293 65.522
5.36523 65.5098
5.36754 65.4956
5.37043 65.4751
5.37272 65.4563
5.37502 65.4352
5.37788 65.4059
5.38017 65.3801
5.38303 65.3451
5.38533 65.3151
5.38763 65.2836
5.39049 65.2427
5.39278 65.2091
5.39507 65.175
5.39794 65.1323
5.40023 65.0982
5.40254 65.0647
5.40541 65.0239
5.40772 64.9927
5.41002 64.9629
5.41289 64.9281
5.41518 64.9024
5.41804 64.8733
5.42033 64.8526
5.42263 64.8342
5.4255 64.8144
5.42779 64.8013
5.43011 64.7902
5.433 64.7791
5.43531 64.7721
5.43762 64.7666
5.4405 64.761
5.44281 64.7572
5.44511 64.7537
5.44798 64.749
5.45028 64.7446
5.45257 64.7394
5.45544 64.7312
5.45773 64.723
5.46003 64.7132
5.46289 64.6985
5.46519 64.6846
5.46806 64.6645
5.47037 64.6464
5.47267 64.6265
5.47555 64.5995
5.47786 64.5764
5.48017 64.5523
5.48304 64.521
5.48534 64.4954
5.48764 64.4696
5.49051 64.4373
5.4928 64.4118
5.4951 64.3869
5.49796 64.3569
5.50026 64.3341
5.50255 64.3126
5.50542 64.2877
5.50771 64.2697
5.51002 64.2535
5.5129 64.2359
5.51521 64.2241
5.51753 64.2142
5.52042 64.2048
5.52272 64.1995
5.52503 64.1959
5.5279 64.1936
5.53019 64.1933
5.53306 64.1944
5.53535 64.1961
5.53765 64.1981
5.54053 64.2009
5.54283 64.2028
5.54513 64.2042
5.54801 64.2048
5.55033 64.204
5.55264 64.2018
5.55554 64.197
5.55786 64.1913
5.56018 64.1839
5.56307 64.1722
5.56538 64.1609
5.56769 64.1482
5.57057 64.1302
5.57287 64.1145
5.57517 64.0978
5.57804 64.076
5.58034 64.058
5.58263 64.0398
5.58551 64.0169
5.58782 63.999
5.59012 63.9814
5.59302 63.9605
5.59534 63.9448
5.59766 63.9303
5.60056 63.914
5.60287 63.9027
5.60518 63.8931
5.60807 63.8834
5.61037 63.8776
5.61268 63.8736
5.61555 63.8711
5.61785 63.8709
5.62015 63.8724
5.62302 63.8763
5.62532 63.8809
5.62762 63.8865
5.63049 63.8948
5.63279 63.9021
5.63509 63.9097
5.63797 63.9193
5.64027 63.9267
5.64258 63.9336
5.64546 63.9411
5.64777 63.946
5.65008 63.9497
5.65296 63.9523
5.65527 63.9527
5.65759 63.9514
5.66047 63.9476
5.66277 63.9428
5.66507 63.9365
5.66794 63.9266
5.67024 63.9172
5.67254 63.9068
5.67542 63.8924
5.67773 63.8802
5.68004 63.8676
5.68292 63.8517
5.68522 63.8392
5.68753 63.827
5.69041 63.8126
5.69272 63.802
5.69503 63.7925
5.69792 63.7822
5.70024 63.7755
5.70256 63.7702
5.70546 63.7658
5.70778 63.7641
5.7101 63.764
5.713 63.7662
5.71531 63.7697
5.71762 63.7746
5.7205 63.7826
5.72281 63.7904
5.72511 63.7991
5.72799 63.8112
5.73029 63.8216
5.73259 63.8323
5.73547 63.846
5.73778 63.8569
5.74009 63.8676
5.74298 63.8802
5.74529 63.8896
5.7476 63.8981
5.7505 63.9072
5.75282 63.9131
5.75514 63.9177
5.75804 63.9214
5.76037 63.9227
5.7627 63.9224
5.76502 63.9206
5.76793 63.9163
5.77025 63.9114
5.77256 63.9053
5.77546 63.8963
5.77777 63.8882
5.78008 63.8795
5.78296 63.8681
5.78527 63.8588
5.78757 63.8496
5.79045 63.8385
5.79276 63.8303
5.79506 63.8227
5.79794 63.8146
5.80024 63.8093
5.80255 63.8051
5.80543 63.8017
5.80773 63.8005
5.81004 63.8007
5.81292 63.8029
5.81523 63.8062
5.81754 63.8108
5.82043 63.8184
5.82275 63.8257
5.82506 63.8342
5.82795 63.8461
5.83026 63.8565
5.83257 63.8676
5.83547 63.8822
5.83778 63.8943
5.8401 63.9065
5.84299 63.9219
5.84531 63.934
5.84763 63.9458
5.85052 63.9598
5.85284 63.9703
5.85515 63.9798
5.85803 63.9903
5.86034 63.9974
5.86265 64.0033
5.86553 64.0087
5.86784 64.0115
5.87014 64.0128
5.87303 64.0124
5.87534 64.0106
5.87765 64.0074
5.88054 64.0017
5.88285 63.996
5.88516 63.9894
5.88805 63.9802
5.89036 63.9724
5.89268 63.9642
5.89557 63.9538
5.89788 63.9456
5.9002 63.9376
5.90251 63.9301
5.90541 63.9215
5.90773 63.9155
5.91005 63.9103
5.91296 63.9052
5.91528 63.9024
5.91761 63.9006
5.92052 63.9001
5.92284 63.9009
5.92517 63.903
5.9275 63.9061
5.93041 63.9116
5.93275 63.9172
5.93509 63.9238
5.938 63.9333
5.94033 63.9418
5.94266 63.951
5.94556 63.9634
5.94789 63.9739
5.95021 63.9847
5.95252 63.9957
5.95542 64.0095
5.95774 64.0205
5.96005 64.0314
5.96294 64.0446
5.96525 64.0547
5.96756 64.0642
5.97045 64.0752
5.97277 64.0829
5.97508 64.0897
5.97796 64.0965
5.98027 64.1007
5.98258 64.1037
5.98547 64.1058
5.98778 64.1062
5.99009 64.1055
5.99298 64.1032
5.99529 64.1002
5.9976 64.0964
6.00049 64.0905
6.0028 64.085
6.00511 64.0792
6.008 64.0714
6.01032 64.065
6.01263 64.0587
6.01553 64.0511
6.01785 64.0454
6.02017 64.0403
6.02306 64.0347
6.02538 64.0311
6.0277 64.0283
6.03002 64.0263
6.03292 64.0249
6.03524 64.0247
6.03756 64.0252
6.04046 64.0269
6.04279 64.0289
6.04511 64.0315
6.04802 64.0353
6.05034 64.0388
6.05267 64.0426
6.055 64.0466
6.05791 64.0519
6.06025 64.0563
6.06258 64.0608
6.0655 64.0667
6.06783 64.0715
6.07016 64.0764
6.07307 64.0827
6.0754 64.0879
6.07772 64.0932
6.08005 64.0987
6.08295 64.1057
6.08527 64.1115
6.08759 64.1174
6.09049 64.125
6.09281 64.1311
6.09512 64.1372
6.09802 64.1447
6.10034 64.1506
6.10265 64.1564
6.10554 64.1633
6.10786 64.1684
6.11017 64.1732
6.11306 64.1786
6.11538 64.1825
6.11769 64.1858
6.12 64.1886
6.12289 64.1913
6.12521 64.1929
6.12752 64.1938
6.13041 64.1943
6.13272 64.1942
6.13504 64.1938
6.13793 64.193
6.14025 64.1919
6.14256 64.1907
6.14546 64.1888
6.14777 64.1872
6.15009 64.1855
6.15299 64.1837
6.1553 64.1824
6.15762 64.1815
6.16052 64.1809
6.16284 64.181
6.16517 64.1815
6.16807 64.1828
6.17039 64.1844
6.17271 64.1863
6.17503 64.1886
6.17793 64.1917
6.18025 64.1945
6.18257 64.1973
6.18547 64.201
6.18778 64.2038
6.1901 64.2065
6.19299 64.2096
6.19531 64.2118
6.19763 64.2137
6.20052 64.2156
6.20283 64.2167
6.20515 64.2174
6.20804 64.2176
6.21035 64.2173
6.21267 64.2166
6.21556 64.215
6.21787 64.2133
6.22018 64.2111
6.22308 64.208
6.22539 64.2052
6.2277 64.2022
6.23001 64.1989
6.2329 64.1949
6.23522 64.1919
6.23753 64.1893
6.24042 64.1869
6.24273 64.1858
6.24504 64.1855
6.24793 64.1864
6.25025 64.1883
6.25256 64.1912
6.25545 64.1962
6.25776 64.2013
6.26008 64.2076
6.26297 64.2168
6.26528 64.2253
6.2676 64.2347
6.27049 64.2475
6.27281 64.2586
6.27512 64.2703
6.27801 64.2857
6.28033 64.2983
6.28264 64.3111
6.28554 64.3267
6.28786 64.3387
6.29017 64.35
6.29307 64.3625
6.29539 64.3711
6.29771 64.3785
6.30002 64.3846
6.30292 64.3906
6.30524 64.394
6.30756 64.3961
6.31045 64.3971
6.31277 64.3965
6.31509 64.3949
6.31799 64.3916
6.3203 64.3882
6.32262 64.3841
6.32552 64.3785
6.32784 64.3741
6.33016 64.3701
6.33305 64.3658
6.33537 64.3633
6.33769 64.3617
6.34001 64.361
6.34291 64.3614
6.34523 64.3627
6.34755 64.3647
6.35045 64.368
6.35277 64.3712
6.35509 64.3746
6.35799 64.3792
6.36032 64.3828
6.36264 64.3862
6.36555 64.39
6.36787 64.3926
6.3702 64.3947
6.37252 64.3961
6.37543 64.3968
6.37775 64.3964
6.38007 64.3951
6.38298 64.3922
6.3853 64.3887
6.38762 64.3843
6.39052 64.3775
6.39284 64.3711
6.39516 64.3639
6.39806 64.3542
6.40038 64.346
6.4027 64.3376
6.40501 64.3291
6.40791 64.3189
6.41023 64.3112
6.41254 64.3042
6.41544 64.2964
6.41775 64.291
6.42007 64.2867
6.42296 64.2829
6.42528 64.2813
6.42759 64.2812
6.43048 64.283
6.4328 64.2861
6.43511 64.2907
6.438 64.2984
6.44032 64.306
6.44263 64.3148
6.44552 64.3274
6.44784 64.3385
6.45015 64.3504
6.45304 64.3662
6.45536 64.3795
6.45767 64.393
6.46056 64.41
6.46288 64.4235
6.46519 64.4367
6.46751 64.4495
6.4704 64.4647
6.47272 64.476
6.47503 64.4866
6.47793 64.4987
6.48024 64.5075
6.48256 64.5154
6.48546 64.5241
6.48777 64.5301
6.49009 64.5352
6.49299 64.5404
6.49531 64.5436
6.49763 64.546
6.50053 64.5479
6.50285 64.5486
6.50518 64.5486
6.5075 64.5481
6.51041 64.5466
6.51273 64.5449
6.51506 64.5428
6.51796 64.5397
6.52029 64.537
6.52261 64.534
6.52552 64.5302
6.52784 64.5271
6.53016 64.5241
6.53307 64.5205
6.53539 64.5179
6.53772 64.5155
6.54004 64.5135
6.54294 64.5114
6.54527 64.5102
6.54759 64.5095
6.5505 64.5093
6.55282 64.5097
6.55515 64.5106
6.55805 64.5125
6.56038 64.5148
6.5627 64.5175
6.56502 64.5209
6.56792 64.5258
6.57024 64.5304
6.57256 64.5354
6.57546 64.5424
6.57778 64.5484
6.5801 64.5548
6.583 64.5633
6.58531 64.5704
6.58763 64.5778
6.59053 64.5872
6.59284 64.5949
6.59516 64.6027
6.59805 64.6125
6.60037 64.6202
6.60268 64.6279
6.60558 64.6373
6.60789 64.6446
6.61021 64.6516
6.61252 64.6582
6.61541 64.6661
6.61773 64.6718
6.62005 64.6772
6.62294 64.6831
6.62526 64.6871
6.62757 64.6906
6.63047 64.694
6.63279 64.6961
6.63511 64.6976
6.638 64.6986
6.64032 64.6987
6.64264 64.6983
6.64554 64.6969
6.64787 64.6951
6.65019 64.6927
6.65251 64.6897
6.65542 64.6853
6.65774 64.6812
6.66007 64.6767
6.66298 64.6706
6.66531 64.6654
6.66763 64.6599
6.67054 64.6526
6.67287 64.6466
6.67519 64.6404
6.67751 64.6341
6.68041 64.6263
6.68273 64.6204
6.68505 64.6148
6.68795 64.6085
6.69027 64.6041
6.69258 64.6003
6.69548 64.5964
6.69779 64.594
6.70011 64.5923
6.703 64.5911
6.70531 64.591
6.70762 64.5917
6.71051 64.5937
6.71283 64.5962
6.71514 64.5996
6.71803 64.6048
6.72034 64.61
6.72265 64.6159
6.72554 64.6244
6.72785 64.632
6.73016 64.6404
6.73305 64.6518
6.73537 64.6617
6.73768 64.6722
6.74057 64.6862
6.74288 64.6981
6.7452 64.7104
6.74751 64.7231
6.75041 64.7396
6.75272 64.7531
6.75504 64.7667
6.75794 64.784
6.76025 64.7978
6.76257 64.8116
6.76547 64.8288
6.76779 64.8422
6.77011 64.8553
6.77301 64.8713
6.77533 64.8836
6.77765 64.8955
6.78055 64.9096
6.78287 64.9202
6.78519 64.9302
6.78751 64.9393
6.79042 64.9496
6.79274 64.9567
6.79506 64.9629
6.79797 64.9692
6.80029 64.9731
6.80261 64.976
6.80551 64.9782
6.80783 64.9787
6.81015 64.9781
6.81305 64.9759
6.81536 64.9731
6.81768 64.9695
6.82057 64.9638
6.82289 64.9585
6.8252 64.9526
6.82752 64.9463
6.83041 64.9377
6.83272 64.9304
6.83503 64.9229
6.83792 64.9132
6.84024 64.9053
6.84255 64.8973
6.84544 64.8875
6.84775 64.8797
6.85007 64.8722
6.85296 64.8631
6.85527 64.8562
6.85759 64.8497
6.86048 64.8422
6.8628 64.8367
6.86511 64.8318
6.86801 64.8265
6.87033 64.8231
6.87265 64.8204
6.87554 64.8179
6.87787 64.8167
6.88019 64.8161
6.88251 64.8162
6.88542 64.8169
6.88774 64.8181
6.89006 64.8198
6.89296 64.8225
6.89528 64.8252
6.8976 64.8283
6.90049 64.8329
6.90281 64.837
6.90512 64.8417
6.90802 64.848
6.91033 64.8537
6.91264 64.8598
6.91553 64.8682
6.91784 64.8755
6.92016 64.8834
6.92304 64.894
6.92535 64.903
6.92767 64.9126
6.93055 64.9252
6.93286 64.9357
6.93517 64.9466
6.93806 64.9606
6.94037 64.9721
6.94268 64.9838
6.94557 64.9987
6.94788 65.0108
6.9502 65.0231
6.95251 65.0355
6.9554 65.051
6.95771 65.0634
6.96003 65.0757
6.96292 65.091
6.96524 65.1032
6.96755 65.1152
6.97045 65.1299
6.97277 65.1414
6.97508 65.1526
6.97798 65.1662
6.9803 65.1767
6.98261 65.1866
6.98551 65.1981
6.98783 65.2064
6.99014 65.2138
6.99304 65.2216
6.99536 65.2267
6.99768 65.2306
7 65.2334
7.0029 65.2354
7.00523 65.2357
7.00755 65.2349
7.01046 65.2325
7.01278 65.2295
7.0151 65.2255
7.018 65.2192
7.02032 65.2133
7.02264 65.2065
7.02554 65.1969
7.02785 65.1884
7.03017 65.1793
7.03306 65.167
7.03538 65.1566
7.03769 65.1457
7.04 65.1344
7.04289 65.1197
7.04521 65.1077
7.04752 65.0954
7.05041 65.08
7.05272 65.0675
7.05503 65.0552
7.05792 65.0399
7.06023 65.028
7.06255 65.0164
7.06544 65.0024
7.06775 64.9919
7.07006 64.982
7.07296 64.9707
7.07527 64.9626
7.07759 64.9554
7.08048 64.9475
7.0828 64.9422
7.08512 64.9378
7.08801 64.9335
7.09034 64.9311
7.09266 64.9294
7.09556 64.9285
7.09788 64.9286
7.10021 64.9296
7.10253 64.9313
7.10544 64.9346
7.10777 64.9382
7.1101 64.9425
7.113 64.9489
7.11533 64.955
7.11765 64.9618
7.12056 64.9713
7.12288 64.9798
7.1252 64.9889
7.12753 64.9987
7.13043 65.0119
7.13275 65.0231
7.13508 65.0348
7.13798 65.0501
7.1403 65.0629
7.14262 65.0759
7.14552 65.0927
7.14784 65.1064
7.15015 65.1201
7.15305 65.1374
7.15537 65.1512
7.15768 65.1649
7.16058 65.1818
7.16289 65.195
7.16521 65.2079
7.16752 65.2204
7.17041 65.2356
7.17273 65.2472
7.17504 65.2583
7.17793 65.2717
7.18025 65.2818
7.18256 65.2914
7.18546 65.3027
7.18778 65.3112
7.19009 65.3192
7.19299 65.3285
7.19531 65.3353
7.19763 65.3417
7.20053 65.3489
7.20285 65.3541
7.20517 65.3588
7.20808 65.364
7.2104 65.3676
7.21273 65.3707
7.21506 65.3733
7.21796 65.3759
7.22029 65.3774
7.22261 65.3784
7.22551 65.379
7.22783 65.379
7.23015 65.3784
7.23305 65.3771
7.23536 65.3756
7.23768 65.3736
7.24057 65.3705
7.24289 65.3675
7.2452 65.3641
7.24751 65.3602
7.2504 65.3549
7.25272 65.3503
7.25503 65.3452
7.25792 65.3385
7.26023 65.3328
7.26254 65.3268
7.26543 65.3189
7.26774 65.3124
7.27005 65.3057
7.27294 65.2971
7.27525 65.2901
7.27757 65.2831
7.28046 65.2741
7.28277 65.2669
7.28508 65.2597
7.28798 65.2507
7.29029 65.2436
7.29261 65.2365
7.29551 65.2278
7.29782 65.2209
7.30014 65.2142
7.30304 65.2061
7.30536 65.1997
7.30768 65.1936
7.31 65.1877
7.3129 65.1806
7.31522 65.1753
7.31754 65.1703
7.32044 65.1646
7.32276 65.1606
7.32509 65.157
7.32799 65.1532
7.33031 65.1507
7.33263 65.1487
7.33554 65.147
7.33786 65.1463
7.34017 65.146
7.34307 65.1465
7.34539 65.1475
7.34771 65.1491
7.35002 65.1511
7.35292 65.1545
7.35523 65.1577
7.35754 65.1614
7.36044 65.1667
7.36275 65.1715
7.36506 65.1767
7.36795 65.1837
7.37027 65.1898
7.37258 65.1962
7.37547 65.2046
7.37779 65.2117
7.3801 65.219
7.38299 65.2283
7.38531 65.236
7.38762 65.2437
7.39051 65.2534
7.39283 65.2611
7.39515 65.2687
7.39805 65.2781
7.40036 65.2854
7.40268 65.2924
7.40501 65.2992
7.40791 65.3074
7.41023 65.3135
7.41256 65.3193
7.41546 65.326
7.41778 65.331
7.4201 65.3356
7.423 65.3409
7.42532 65.3447
7.42764 65.3481
7.43054 65.352
7.43285 65.3548
7.43517 65.3572
7.43806 65.3599
7.44037 65.3617
7.44268 65.3633
7.44557 65.3651
7.44788 65.3662
7.45019 65.3672
7.4525 65.368
7.45539 65.3689
7.4577 65.3694
7.46001 65.3699
7.4629 65.3703
7.46521 65.3706
7.46752 65.3708
7.47041 65.371
7.47272 65.3711
7.47503 65.3713
7.47792 65.3714
7.48023 65.3716
7.48255 65.3718
7.48544 65.3721
7.48775 65.3724
7.49007 65.3728
7.49297 65.3734
7.49528 65.3741
7.4976 65.3748
7.5005 65.376
7.50281 65.377
7.50513 65.3781
7.50803 65.3797
7.51035 65.3811
7.51267 65.3826
7.51557 65.3845
7.51789 65.3861
7.52021 65.3876
7.52253 65.3891
7.52543 65.3908
7.52776 65.392
7.53008 65.3931
7.53299 65.3941
7.53532 65.3946
7.53764 65.3948
7.54054 65.3947
7.54286 65.3942
7.54518 65.3934
7.54808 65.3919
7.55039 65.3904
7.55271 65.3885
7.55502 65.3864
7.55792 65.3834
7.56023 65.3808
7.56254 65.378
7.56543 65.3744
7.56775 65.3714
7.57006 65.3683
7.57295 65.3645
7.57526 65.3615
7.57757 65.3586
7.58046 65.355
7.58278 65.3523
7.58509 65.3497
7.58798 65.3466
7.59029 65.3442
7.59261 65.3419
7.5955 65.3392
7.59781 65.337
7.60013 65.3349
7.60303 65.3322
7.60534 65.33
7.60766 65.3278
7.61056 65.3248
7.61289 65.3224
7.61521 65.3198
7.61753 65.3171
7.62044 65.3135
7.62276 65.3105
7.62509 65.3074
7.628 65.3034
7.63032 65.3002
7.63264 65.2969
7.63555 65.2928
7.63787 65.2895
7.6402 65.2863
7.64252 65.2831
7.64543 65.2794
7.64775 65.2765
7.65008 65.2739
7.65298 65.2709
7.6553 65.2689
7.65762 65.2671
7.66052 65.2654
7.66284 65.2644
7.66515 65.2637
7.66805 65.2634
7.67037 65.2636
7.67268 65.2641
7.67558 65.2653
7.67789 65.2666
7.68021 65.2684
7.68252 65.2705
7.68542 65.2737
7.68773 65.2766
7.69005 65.2799
7.69294 65.2844
7.69526 65.2884
7.69757 65.2927
7.70047 65.2985
7.70278 65.3034
7.7051 65.3085
7.708 65.3152
7.71032 65.3206
7.71264 65.3262
7.71554 65.3332
7.71787 65.3389
7.72019 65.3444
7.72252 65.3499
7.72543 65.3566
7.72775 65.3618
7.73008 65.3667
7.73299 65.3726
7.73531 65.3769
7.73763 65.3809
7.74053 65.3855
7.74285 65.3888
7.74517 65.3917
7.74806 65.3949
7.75038 65.397
7.75269 65.3988
7.75501 65.4003
7.7579 65.4017
7.76021 65.4024
7.76252 65.4029
7.76541 65.4032
7.76773 65.4032
7.77004 65.4029
7.77292 65.4024
7.77524 65.4017
7.77755 65.401
7.78044 65.3999
7.78275 65.399
7.78506 65.3979
7.78795 65.3966
7.79026 65.3955
7.79257 65.3944
7.79547 65.393
7.79778 65.3919
7.8001 65.3908
7.80299 65.3894
7.80531 65.3884
7.80763 65.3874
7.81053 65.3862
7.81285 65.3852
7.81517 65.3844
7.81807 65.3833
7.82039 65.3826
7.82271 65.3819
7.82504 65.3812
7.82794 65.3804
7.83026 65.3798
7.83259 65.3793
7.83549 65.3787
7.83781 65.3783
7.84013 65.3779
7.84303 65.3775
7.84535 65.3771
7.84767 65.3768
7.85056 65.3765
7.85287 65.3763
7.85519 65.376
7.8575 65.3758
7.8604 65.3755
7.86271 65.3753
7.86502 65.3751
7.86791 65.3749
7.87023 65.3747
7.87254 65.3746
7.87543 65.3744
7.87774 65.3743
7.88006 65.3743
7.88295 65.3743
7.88527 65.3744
7.88758 65.3745
7.89048 65.3748
7.89279 65.3751
7.89511 65.3754
7.89801 65.376
7.90033 65.3765
7.90265 65.3771
7.90556 65.378
7.90788 65.3787
7.91021 65.3795
7.91253 65.3803
7.91543 65.3812
7.91775 65.382
7.92007 65.3827
7.92297 65.3834
7.92528 65.3839
7.9276 65.3843
7.93049 65.3845
7.9328 65.3844
7.93511 65.3841
7.938 65.3834
7.94032 65.3825
7.94263 65.3813
7.94551 65.3794
7.94782 65.3776
7.95013 65.3754
7.95302 65.3722
7.95533 65.3693
7.95764 65.3661
7.96053 65.3616
7.96284 65.3578
7.96515 65.3538
7.96804 65.3484
7.97035 65.3439
7.97266 65.3393
7.97556 65.3334
7.97787 65.3286
7.98019 65.3238
7.9825 65.3191
7.9854 65.3133
7.98772 65.3087
7.99003 65.3044
7.99293 65.2992
7.99525 65.2953
7.99757 65.2917
8.00047 65.2876
8.00279 65.2847
8.00511 65.2821
8.00802 65.2796
8.01034 65.278
8.01267 65.2769
8.01557 65.2761
8.0179 65.276
8.02022 65.2763
8.02254 65.2771
8.02545 65.2786
8.02777 65.2804
8.03008 65.2824
8.03298 65.2855
8.0353 65.2884
8.03761 65.2915
8.0405 65.2958
8.04282 65.2995
8.04513 65.3033
8.04802 65.3084
8.05033 65.3125
8.05264 65.3166
8.05553 65.3217
8.05785 65.3258
8.06016 65.3297
8.06305 65.3344
8.06536 65.338
8.06767 65.3413
8.07056 65.3452
8.07288 65.348
8.07519 65.3505
8.07751 65.3528
8.0804 65.3552
8.08272 65.3569
8.08504 65.3584
8.08794 65.3599
8.09026 65.3609
8.09258 65.3617
8.09549 65.3625
8.09781 65.3631
8.10014 65.3635
8.10305 65.3639
8.10537 65.3642
8.1077 65.3644
8.11002 65.3646
8.11293 65.3648
8.11525 65.3649
8.11758 65.365
8.12048 65.365
8.12281 65.3649
8.12513 65.3647
8.12803 65.3643
8.13036 65.3638
8.13268 65.3631
8.13557 65.3619
8.13789 65.3608
8.14021 65.3594
8.14253 65.3577
8.14542 65.3553
8.14774 65.3531
8.15005 65.3507
8.15295 65.3474
8.15526 65.3445
8.15758 65.3414
8.16047 65.3375
8.16279 65.3342
8.1651 65.3309
8.168 65.3268
8.17031 65.3235
8.17263 65.3204
8.17553 65.3166
8.17785 65.3138
8.18017 65.3111
8.18307 65.3082
8.18539 65.3062
8.18771 65.3046
8.19004 65.3033
8.19295 65.3022
8.19527 65.3019
8.1976 65.302
8.20051 65.3028
8.20283 65.304
8.20516 65.3057
8.20806 65.3086
8.21038 65.3115
8.2127 65.3148
8.21501 65.3187
8.21791 65.3242
8.22022 65.3291
8.22254 65.3344
8.22543 65.3415
8.22774 65.3474
8.23006 65.3536
8.23295 65.3615
8.23526 65.3678
8.23757 65.3741
8.24046 65.3819
8.24277 65.3878
8.24508 65.3935
8.24797 65.4001
8.25028 65.4049
8.25259 65.4093
8.25548 65.414
8.25779 65.4171
8.26011 65.4196
8.263 65.4219
8.26532 65.423
8.26763 65.4235
8.27053 65.4231
8.27285 65.4221
8.27516 65.4205
8.27806 65.4175
8.28039 65.4144
8.28271 65.4108
8.28503 65.4066
8.28793 65.4007
8.29026 65.3954
8.29258 65.3897
8.29549 65.3821
8.29781 65.3756
8.30013 65.3689
8.30304 65.3602
8.30536 65.353
8.30767 65.3458
8.31057 65.3366
8.31289 65.3293
8.3152 65.3219
8.31752 65.3146
8.32041 65.3054
8.32272 65.2982
8.32504 65.2911
8.32793 65.2823
8.33024 65.2754
8.33255 65.2687
8.33544 65.2605
8.33776 65.2541
8.34007 65.2479
8.34296 65.2404
8.34528 65.2347
8.34759 65.2293
8.35049 65.2229
8.35281 65.2181
8.35512 65.2136
8.35802 65.2086
8.36034 65.2049
8.36266 65.2017
8.36557 65.1981
8.36789 65.1958
8.37022 65.1938
8.37254 65.1922
8.37545 65.1908
8.37777 65.1902
8.38009 65.19
8.38298 65.1903
8.3853 65.1911
8.38761 65.1923
8.39051 65.1944
8.39282 65.1965
8.39513 65.1991
8.39802 65.2029
8.40033 65.2064
8.40265 65.2102
8.40553 65.2155
8.40784 65.22
8.41015 65.2248
8.41304 65.231
8.41535 65.2362
8.41766 65.2414
8.42055 65.2481
8.42286 65.2533
8.42517 65.2586
8.42806 65.2649
8.43037 65.2699
8.43268 65.2746
8.43557 65.2802
8.43789 65.2844
8.4402 65.2882
8.44252 65.2917
8.44542 65.2954
8.44773 65.2979
8.45005 65.2998
8.45295 65.3015
8.45527 65.3023
8.45759 65.3025
8.46049 65.302
8.46281 65.301
8.46513 65.2996
8.46804 65.2971
8.47036 65.2947
8.47269 65.2919
8.47501 65.2887
8.47792 65.2843
8.48025 65.2805
8.48257 65.2765
8.48547 65.2713
8.4878 65.267
8.49012 65.2627
8.49301 65.2573
8.49533 65.2531
8.49765 65.249
8.50054 65.2441
8.50286 65.2404
8.50517 65.237
8.50806 65.2332
8.51037 65.2306
8.51269 65.2284
8.515 65.2265
8.51789 65.2248
8.5202 65.2239
8.52252 65.2235
8.52541 65.2236
8.52772 65.2242
8.53003 65.2253
8.53292 65.2274
8.53524 65.2295
8.53755 65.2321
8.54045 65.236
8.54276 65.2394
8.54508 65.2432
8.54798 65.2484
8.5503 65.2528
8.55262 65.2574
8.55552 65.2633
8.55785 65.2681
8.56017 65.2729
8.56308 65.2788
8.56541 65.2835
8.56773 65.2881
8.57006 65.2925
8.57297 65.2977
8.57529 65.3016
8.57762 65.3053
8.58052 65.3094
8.58285 65.3124
8.58518 65.315
8.58808 65.318
8.5904 65.3201
8.59273 65.322
8.59505 65.3236
8.59795 65.3252
8.60027 65.3263
8.60258 65.327
8.60548 65.3275
8.6078 65.3275
8.61011 65.3272
8.61301 65.3263
8.61532 65.3252
8.61764 65.3237
8.62054 65.3213
8.62285 65.3188
8.62517 65.316
8.62806 65.3119
8.63038 65.3082
8.6327 65.304
8.63501 65.2995
8.63791 65.2933
8.64023 65.288
8.64255 65.2823
8.64546 65.2748
8.64778 65.2686
8.6501 65.2622
8.65301 65.2541
8.65534 65.2475
8.65766 65.2409
8.66057 65.2328
8.6629 65.2265
8.66523 65.2204
8.66756 65.2146
8.67046 65.2077
8.67278 65.2026
8.6751 65.1979
8.678 65.1926
8.68032 65.1889
8.68264 65.1858
8.68553 65.1826
8.68785 65.1806
8.69016 65.1792
8.69305 65.1784
8.69537 65.1783
8.69768 65.1788
8.70057 65.1803
8.70288 65.1821
8.70519 65.1845
8.7075 65.1874
8.71039 65.1916
8.7127 65.1956
8.71502 65.1999
8.71791 65.2057
8.72022 65.2106
8.72253 65.2157
8.72542 65.2223
8.72774 65.2275
8.73005 65.2327
8.73295 65.239
8.73526 65.2437
8.73758 65.2482
8.74048 65.2533
8.7428 65.2571
8.74512 65.2606
8.74802 65.2644
8.75034 65.267
8.75267 65.2691
8.75557 65.2711
8.75789 65.2722
8.76022 65.2727
8.76254 65.2727
8.76545 65.272
8.76778 65.2708
8.7701 65.2692
8.77301 65.2664
8.77533 65.2637
8.77766 65.2605
8.78056 65.2559
8.78288 65.2518
8.7852 65.2472
8.78751 65.2424
8.79041 65.2358
8.79273 65.2302
8.79504 65.2244
8.79793 65.2168
8.80024 65.2106
8.80256 65.2041
8.80545 65.1958
8.80776 65.189
8.81007 65.1821
8.81296 65.1735
8.81527 65.1665
8.81759 65.1596
8.82048 65.1511
8.8228 65.1443
8.82511 65.1377
8.82801 65.1297
8.83033 65.1234
8.83265 65.1174
8.83555 65.1101
8.83787 65.1046
8.84019 65.0993
8.84252 65.0945
8.84542 65.089
8.84775 65.0852
8.85008 65.0819
8.85298 65.0784
8.85531 65.0762
8.85763 65.0746
8.86053 65.0734
8.86285 65.0731
8.86516 65.0734
8.86806 65.0746
8.87038 65.0763
8.87269 65.0786
8.875 65.0814
8.87789 65.0857
8.88021 65.0898
8.88252 65.0943
8.88541 65.1005
8.88772 65.106
8.89003 65.1119
8.89292 65.1196
8.89523 65.1261
8.89754 65.1327
8.90043 65.141
8.90274 65.1477
8.90505 65.1543
8.90793 65.1624
8.91025 65.1687
8.91256 65.1746
8.91545 65.1814
8.91776 65.1865
8.92008 65.191
8.92297 65.1959
8.92528 65.1992
8.9276 65.202
8.9305 65.2046
8.93282 65.2061
8.93514 65.2069
8.93804 65.2072
8.94036 65.2068
8.94268 65.2058
8.94501 65.2043
8.94791 65.2018
8.95024 65.1993
8.95257 65.1964
8.95548 65.1924
8.9578 65.1888
8.96013 65.1851
8.96304 65.1802
8.96537 65.1762
8.96769 65.1721
8.97001 65.168
8.97291 65.1627
8.97523 65.1586
8.97755 65.1545
8.98045 65.1495
8.98276 65.1457
8.98508 65.1421
8.98797 65.138
8.99028 65.1352
8.9926 65.1327
8.99549 65.1303
8.9978 65.1289
9.00012 65.128
9.00301 65.1275
9.00532 65.1276
9.00763 65.1282
9.01053 65.1295
9.01284 65.1309
9.01515 65.1327
9.01805 65.1353
9.02036 65.1377
9.02268 65.1403
9.02557 65.1438
9.02789 65.1468
9.03021 65.1498
9.03253 65.153
9.03543 65.157
9.03775 65.1602
9.04007 65.1634
9.04298 65.1675
9.0453 65.1707
9.04763 65.1738
9.05054 65.1776
9.05287 65.1806
9.0552 65.1835
9.05752 65.1862
9.06043 65.1895
9.06276 65.1919
9.06509 65.1942
9.068 65.1969
9.07032 65.1988
9.07265 65.2005
9.07556 65.2023
9.07789 65.2035
9.08021 65.2044
9.08253 65.205
9.08544 65.2053
9.08776 65.2052
9.09008 65.2048
9.09298 65.2037
9.0953 65.2025
9.09762 65.2009
9.10051 65.1984
9.10283 65.196
9.10515 65.1931
9.10805 65.189
9.11036 65.1852
9.11268 65.181
9.11558 65.1752
9.11789 65.1702
9.12021 65.1648
9.12253 65.1591
9.12543 65.1516
9.12775 65.1453
9.13007 65.1388
9.13297 65.1306
9.13529 65.1239
9.13761 65.1171
9.14051 65.1088
9.14284 65.1023
9.14516 65.096
9.14807 65.0885
9.15039 65.0829
9.15272 65.0777
9.15505 65.0729
9.15796 65.0677
9.16029 65.0642
9.16262 65.0613
9.16553 65.0586
9.16785 65.0571
9.17018 65.0563
9.17308 65.0563
9.1754 65.0569
9.17772 65.0582
9.18004 65.0601
9.18293 65.0633
9.18525 65.0664
9.18757 65.07
9.19046 65.075
9.19277 65.0794
9.19509 65.084
9.19798 65.09
9.20029 65.0949
9.20261 65.0998
9.2055 65.1059
9.20781 65.1106
9.21012 65.1151
9.21301 65.1205
9.21532 65.1245
9.21764 65.1282
9.22053 65.1323
9.22284 65.1352
9.22515 65.1378
9.22805 65.1404
9.23036 65.1421
9.23268 65.1433
9.23557 65.1444
9.23789 65.1447
9.24021 65.1446
9.24252 65.1441
9.24542 65.1429
9.24774 65.1414
9.25006 65.1395
9.25297 65.1366
9.25529 65.1337
9.25761 65.1305
9.26052 65.126
9.26285 65.1219
9.26517 65.1176
9.26808 65.1116
9.27041 65.1065
9.27274 65.1011
9.27506 65.0954
9.27797 65.088
9.28029 65.0819
9.28262 65.0755
9.28552 65.0674
9.28784 65.0607
9.29016 65.054
9.29305 65.0455
9.29537 65.0388
9.29769 65.0321
9.30001 65.0255
9.3029 65.0173
9.30522 65.011
9.30753 65.0049
9.31043 64.9977
9.31274 64.9921
9.31506 64.987
9.31795 64.981
9.32027 64.9767
9.32258 64.9729
9.32548 64.9688
9.32779 64.966
9.33011 64.9638
9.33301 64.9617
9.33533 64.9606
9.33764 64.9599
9.34054 64.9599
9.34286 64.9603
9.34519 64.9612
9.34751 64.9625
9.35041 64.9647
9.35274 64.9668
9.35506 64.9693
9.35797 64.9728
9.3603 64.9759
9.36262 64.9792
9.36553 64.9837
9.36786 64.9874
9.37018 64.9913
9.37308 64.9964
9.3754 65.0005
9.37772 65.0047
9.38004 65.0089
9.38293 65.0142
9.38525 65.0184
9.38756 65.0225
9.39045 65.0276
9.39277 65.0315
9.39508 65.0353
9.39797 65.0397
9.40028 65.0431
9.40259 65.0462
9.40548 65.0496
9.40779 65.052
9.4101 65.0541
9.41299 65.0561
9.4153 65.0573
9.41761 65.0581
9.4205 65.0584
9.42281 65.0583
9.42512 65.0576
9.42801 65.0563
9.43033 65.0547
9.43264 65.0528
9.43553 65.0499
9.43785 65.0472
9.44016 65.0442
9.44306 65.0402
9.44537 65.0367
9.44769 65.0331
9.45001 65.0294
9.45291 65.0246
9.45523 65.0209
9.45755 65.0171
9.46045 65.0126
9.46278 65.0091
9.4651 65.0059
9.46801 65.0022
9.47033 64.9995
9.47266 64.9972
9.47557 64.9948
9.4779 64.9933
9.48023 64.9922
9.48256 64.9916
9.48547 64.9914
9.4878 64.9918
9.49012 64.9926
9.49302 64.9942
9.49535 64.996
9.49767 64.9983
9.50057 65.0017
9.50289 65.0048
9.50521 65.0082
9.50752 65.012
9.51042 65.0171
9.51274 65.0214
9.51505 65.0258
9.51795 65.0316
9.52026 65.0364
9.52257 65.0412
9.52547 65.0472
9.52778 65.0519
9.5301 65.0565
9.53299 65.0622
9.5353 65.0665
9.53762 65.0707
9.54051 65.0755
9.54282 65.0792
9.54514 65.0825
9.54803 65.0863
9.55035 65.089
9.55267 65.0914
9.55556 65.0939
9.55788 65.0956
9.5602 65.097
9.56252 65.098
9.56542 65.0987
9.56774 65.099
9.57006 65.0989
9.57297 65.0983
9.57529 65.0974
9.57762 65.0961
9.58053 65.0941
9.58286 65.092
9.58519 65.0896
9.58752 65.0869
9.59043 65.0831
9.59276 65.0797
9.59509 65.076
9.598 65.071
9.60033 65.0667
9.60266 65.0622
9.60557 65.0562
9.6079 65.0511
9.61023 65.0459
9.61255 65.0404
9.61546 65.0334
9.61779 65.0276
9.62012 65.0217
9.62302 65.0142
9.62534 65.0081
9.62767 65.0021
9.63057 64.9946
9.63289 64.9888
9.63521 64.9831
9.63753 64.9776
9.64043 64.9711
9.64275 64.9663
9.64507 64.9619
9.64797 64.9569
9.65029 64.9535
9.65261 64.9506
9.6555 64.9477
9.65782 64.946
9.66014 64.9448
9.66304 64.9443
9.66536 64.9445
9.66768 64.9453
9.67058 64.9472
9.6729 64.9493
9.67522 64.952
9.67754 64.9551
9.68044 64.9598
9.68277 64.9639
9.68509 64.9684
9.68799 64.9745
9.69032 64.9796
9.69265 64.9849
9.69556 64.9917
9.69788 64.9972
9.70021 65.0027
9.70254 65.008
9.70546 65.0145
9.70779 65.0194
9.71012 65.0241
9.71304 65.0295
9.71537 65.0333
9.71769 65.0368
9.72002 65.0398
9.72293 65.0428
9.72525 65.0447
9.72757 65.0461
9.73048 65.0471
9.7328 65.0473
9.73512 65.047
9.73802 65.0458
9.74033 65.0442
9.74265 65.0422
9.74555 65.0389
9.74786 65.0357
9.75018 65.0321
9.75307 65.0271
9.75538 65.0226
9.7577 65.0177
9.76001 65.0126
9.7629 65.0058
9.76522 65.0001
9.76753 64.9942
9.77042 64.9866
9.77273 64.9804
9.77505 64.974
9.77794 64.966
9.78025 64.9595
9.78257 64.9529
9.78546 64.9448
9.78777 64.9384
9.79009 64.9321
9.79298 64.9244
9.7953 64.9184
9.79762 64.9126
9.80051 64.9056
9.80283 64.9003
9.80515 64.8952
9.80805 64.8892
9.81037 64.8848
9.81269 64.8806
9.81501 64.8768
9.81792 64.8725
9.82024 64.8694
9.82257 64.8666
9.82548 64.8637
9.82781 64.8617
9.83014 64.8601
9.83305 64.8586
9.83538 64.8577
9.83771 64.8572
9.84003 64.857
9.84294 64.8571
9.84527 64.8575
9.84759 64.8582
9.85049 64.8594
9.85281 64.8606
9.85513 64.862
9.85803 64.864
9.86035 64.8658
9.86267 64.8678
9.86557 64.8704
9.86789 64.8727
9.87021 64.875
9.87252 64.8775
9.87542 64.8808
9.87774 64.8835
9.88005 64.8863
9.88295 64.8899
9.88526 64.8928
9.88758 64.8958
9.89048 64.8995
9.89279 64.9025
9.89511 64.9056
9.89801 64.9093
9.90033 64.9122
9.90264 64.9151
9.90554 64.9185
9.90786 64.9211
9.91018 64.9236
9.9125 64.9259
9.9154 64.9284
9.91773 64.9302
9.92005 64.9317
9.92295 64.9332
9.92528 64.9341
9.92761 64.9346
9.93051 64.9347
9.93284 64.9345
9.93517 64.9338
9.93808 64.9325
9.94041 64.9311
9.94273 64.9294
